tttt_Xsec   -0.058403 +0.980747 -0.97768  0.361838   0.0635746  0.359606   0.0649165 
tttt_syst_PS   -0.0460133 +0.929704 -0.952764  0.439604   0.424511  0.440959   0.424509 
tttt_Gen   -0.0311338 +0.967777 -0.968337  0.345983   0.447107  0.342188   0.447106 
JET_BJES_Response   -0.00451263 +1.00378 -1.00172  0.423335   0.427359  0.423342   0.427355 
JET_EffectiveNP_Modelling1   -0.120867 +1.05169 -1.00265  0.415981   -0.00251886  0.416535   -0.00209622 
JET_EtaIntercalibration_Modelling   -0.0161928 +0.970366 -0.968675  0.422234   0.424889  0.422017   0.424883 
JET_EtaIntercalibration_NonClosure_PreRec   -0.0502338 +1.05408 -0.993716  0.418254   0.422921  0.418405   0.422904 
JET_Flavor_Response   0.215194 +0.986482 -1.11253  0.420454   0.427072  0.420343   0.426945 
JET_InSitu_NonClosure_PreRec   0.630535 +0.963074 -1.43195  -0.0144136   0.452549  -0.0152418   0.443224 
JET_JERUnc_Noise_PreRec   -0.824124 +0.966687 -0.868454  0.424104   0.00647403  0.424084   0.0063533 
JET_JERUnc_Noise_PreRec_PseudoData   -0.109725 +0.789902 -0.886743  0.436065   0.423918  0.439552   0.423734 
JET_JER_EffectiveNP_1   0.760251 +0.909556 -1.39293  -0.0111123   0.425854  -0.0127658   0.426235 
JET_JER_EffectiveNP_1_PseudoData   0.0211604 +0.940622 -0.926135  0.424325   0.428486  0.424282   0.428065 
JET_JER_EffectiveNP_2   0.535337 +0.87164 -1.42666  -6.4445e-05   0.424948  8.87539e-05   0.425216 
JET_JER_EffectiveNP_2_PseudoData   0.106084 +0.874202 -0.772518  0.424358   0.427877  0.424256   0.428641 
JET_JER_EffectiveNP_3   -0.732152 +1.45584 -0.920239  0.425897   -0.0061622  0.426208   -0.007317 
JET_JER_EffectiveNP_3_PseudoData   -0.0211538 +0.938769 -0.951291  0.428403   0.424093  0.428593   0.424049 
JET_JER_EffectiveNP_4   -0.790611 +1.07782 -0.873336  0.426472   -0.00755111  0.426425   -0.00952526 
JET_JER_EffectiveNP_4_PseudoData   -0.0919861 +0.810159 -0.892918  0.427817   0.424803  0.428448   0.424777 
JET_JER_EffectiveNP_5   0.0419431 +0.974141 -0.966813  0.426415   0.426515  0.426446   0.426594 
JET_JER_EffectiveNP_5_PseudoData   0.030275 +0.96456 -0.956435  0.425391   0.425106  0.425411   0.425103 
JET_JER_EffectiveNP_6   0.00896609 +0.983832 -0.983378  0.423615   0.425316  0.423589   0.425325 
JET_JER_EffectiveNP_6_PseudoData   -0.00595737 +0.967164 -0.974843  0.425178   0.42524  0.425171   0.425244 
JET_JER_EffectiveNP_7   0.00166113 +1.00401 -1.00442  0.424983   0.425573  0.424983   0.425571 
JET_JER_EffectiveNP_7_PseudoData   -0.0105604 +0.956728 -0.956051  0.4245   0.424479  0.424482   0.424447 
JET_JER_EffectiveNP_8   0.662091 +0.909415 -1.45841  -0.0113135   0.425767  -0.0127391   0.426097 
JET_JER_EffectiveNP_9   -0.00741514 +0.984847 -0.985012  0.426418   0.423541  0.426435   0.423517 
JET_JER_EffectiveNP_9_PseudoData   0.0182871 +0.969893 -0.962892  0.425009   0.424581  0.425006   0.424543 
JET_JER_EffectiveNP_10   -0.00587707 +0.987149 -0.986622  0.425311   0.426822  0.425315   0.426838 
JET_JER_EffectiveNP_10_PseudoData   -0.00333058 +0.964212 -0.969802  0.426299   0.423986  0.426318   0.423953 
JET_JER_EffectiveNP_11   0.0251307 +0.990133 -0.988311  0.424271   0.425765  0.424262   0.425779 
JET_JER_EffectiveNP_11_PseudoData   -0.00311647 +0.947737 -0.94472  0.424169   0.425252  0.424112   0.425245 
JET_JER_EffectiveNP_12restTerm   -0.0120703 +0.985639 -0.986888  0.424704   0.424936  0.424697   0.424935 
JET_JER_EffectiveNP_12restTerm_PseudoData   0.02368 +0.980092 -0.972318  0.424879   0.423261  0.424877   0.423205 
JET_JESUnc_Noise_PreRec   -0.10644 +1.05281 -1.00047  0.41665   0.42454  0.417108   0.424537 
JET_JESUnc_VertexingAlg_PreRec   0.225252 +0.914737 -1.42606  -0.0162769   0.0108535  -0.0174589   0.0082452 
JET_NNJvtEfficiency   0.104114 +0.990276 -1.01369  0.42479   0.425546  0.424786   0.425539 
JET_Pileup_OffsetNPV   -0.0827031 +1.00959 -0.978737  0.417467   -0.00259136  0.417553   -0.0026389 
JET_Pileup_PtTerm   -0.002363 +1.00235 -1.00336  0.420214   0.4249  0.420226   0.424902 
JET_Pileup_RhoTopology   0.687794 +0.950861 -1.44055  -0.0158534   0.448698  -0.0171841   0.440825 
JET_RelativeNonClosure_AF3   -0.0212049 +1.00089 -1.00074  0.422108   0.427362  0.42211   0.42736 
PRW_DATASF   -0.0112013 +1.00327 -1.003  0.424403   0.422232  0.424404   0.422241 
FT_EFF_Eigen_B_0__1   -0.0080436 +0.999974 -0.999952  0.410127   0.438038  0.410126   0.438038 
FT_EFF_Eigen_B_2__1   0.201125 +0.965992 -1.01066  0.438644   0.411859  0.439098   -0.000575554 
FT_EFF_Eigen_B_3__1   0.0290098 +0.996984 -0.996845  0.394713   0.457833  0.394619   0.457932 
FT_EFF_Eigen_B_4__1   -0.000645192 +1.00001 -1.00001  0.425597   0.424337  0.425597   0.424337 
FT_EFF_Eigen_B_6__1   0.0027976 +0.999983 -0.999993  0.425516   0.424416  0.425516   0.424416 
FT_EFF_Eigen_B_7__1   0.0256325 +0.999875 -0.99984  0.40876   0.448066  0.408757   0.448069 
ttt_Xsec   -0.00978114 +0.999755 -0.9994  0.419101   0.43117  0.4191   0.431173 
JET_Flavor_Composition_Bkg   -0.223528 +1.16243 -0.957534  0.426383   0.421058  0.426318   0.420691 
JET_JER_DataVsMC_MC16   0.00476836 +0.995203 -0.993754  0.4249   0.425981  0.424898   0.425986 
JET_JER_DataVsMC_MC16_PseudoData   -0.021896 +0.962769 -0.96731  0.427557   0.42447  0.427286   0.424474 
JET_JER_EffectiveNP_8_PseudoData   -0.506282 +1.40293 -0.923552  0.426313   -0.0192725  0.426139   -0.0212153 
EG_RESOLUTION_ALL   0.00470454 +1.01206 -1.01257  0.422661   0.424063  0.42269   0.423998 
ttt_syst_varRF   -7.8392e-05 +1 -1  0.424972   0.424968  0.424972   0.424968 
JET_Pileup_OffsetMu   -0.010818 +0.999622 -0.995524  0.420815   0.426349  0.420814   0.426356 
MUON_CB   -0.0148507 +1.00921 -1.0095  0.425001   0.424941  0.424992   0.424942 
ttWW_Xsec   -0.114176 +1.02149 -0.981117  0.421644   0.00567455  0.421773   0.00579182 
JET_EffectiveNP_Statistical2   0.00376473 +0.994593 -0.994317  0.424936   0.424732  0.424935   0.42473 
JET_EtaIntercalibration_TotalStat   0.000196788 +0.998323 -0.997961  0.423928   0.424911  0.423926   0.424911 
others_Xsec   -0.103867 +1.0112 -0.990585  0.420066   0.00648629  0.420134   0.00665274 
EG_SCALE_ALL   0.00405175 +1.01119 -1.01141  0.421462   0.425499  0.421509   0.425494 
ttZ_Xsec   -0.0764036 +0.988558 -0.985512  0.421705   0.013439  0.421663   0.00679915 
ttZ_Gen   0.478111 +0.767717 -1.37801  -0.0206409   0.429588  -0.0256023   0.430535 
FT_EFF_Eigen_B_8__1   -0.0235019 +1.0001 -1.00011  0.425921   0.424106  0.425921   0.424107 
ttH_Xsec   0.0133909 +0.988699 -0.988693  0.426045   0.00546808  0.425729   0.00546301 
ttH_Gen   0.043244 +1.02589 -1.04243  0.43023   0.424816  0.430117   0.424815 
ttH_PS   0.0685876 +1.02911 -1.06665  0.0347921   -0.000790757  0.027228   -0.00125243 
JET_EffectiveNP_Mixed1   -0.00122122 +0.999933 -0.999967  0.42496   0.424844  0.42496   0.424844 
JET_EffectiveNP_Mixed2   0.00605843 +0.993965 -0.993601  0.424923   0.424737  0.424922   0.424735 
CO_ShapeSyst_simple   -0.0383313 +0.95089 -0.960842  0.428561   0.425024  0.428744   0.425023 
Gstr_ShapeSyst_simple   -0.0312428 +0.95514 -0.968221  0.424203   0.42493  0.424177   0.424929 
MUON_EFF_ISO_SYS   -0.0834202 +0.972902 -1.00653  -0.0199661   0.438824  -0.0205857   0.438814 
MUON_SCALE   -0.00315649 +1.00555 -1.00562  0.424997   0.421956  0.424997   0.421974 
JET_EffectiveNP_Detector1   -0.00580009 +0.994413 -0.99477  0.424726   0.42486  0.424724   0.424859 
singleTop_Xsec   -0.204524 +1.00457 -0.972059  0.420364   0.0130817  0.420385   0.0132957 
Diboson_3jets   -0.00149941 +0.998006 -0.9985  0.424488   0.42497  0.424487   0.42497 
VV_truthgbb_3b   -0.120606 +0.790558 -0.866189  0.430201   0.00694086  0.0129907   0.000165661 
VV_truthgbb_4b   0.228691 +1.01855 -1.21315  0.416601   0.425677  0.416809   0.425709 
FT_EFF_Eigen_C_3__1   0.0317373 +0.993497 -1.01263  0.41008   0.0184534  0.409982   0.0182446 
FT_EFF_Eigen_Light_0__1   0.205447 +0.98068 -1.00147  0.441068   0.408453  0.441515   0.408476 
Diboson_syst_varRF   0.0122625 +0.991605 -0.991653  0.425952   0.424104  0.425972   0.424097 
FT_EFF_Eigen_Light_1__1   -0.0117132 +1.00008 -0.999776  0.424503   0.425567  0.424503   0.425568 
FT_EFF_Eigen_Light_8__1   0.00103937 +0.99999 -0.999992  0.42512   0.424816  0.42512   0.424816 
FT_EFF_Eigen_B_1__1   -0.000740653 +0.999985 -0.999979  0.42494   0.424999  0.42494   0.424999 
JET_EffectiveNP_Modelling3   -0.00562127 +0.992926 -0.993246  0.424679   0.42508  0.424677   0.42508 
FT_EFF_Eigen_C_5__1   0.0137704 +0.999863 -0.999866  0.424271   0.425646  0.424271   0.425646 
gamma_stat_CR1b3le_lep_2_pt_bin_0   0.00261696 +1.00313 -1.00179  0.422193   0.427841  0.422202   0.427836 
gamma_stat_CR1b3le_lep_2_pt_bin_1   0.000507593 +0.981889 -0.936356  0.424292   0.425598  0.424279   0.42563 
NF_ttbar_CO   0.0156292 +0.302588 -0.277304  -0.00544313   0.424266  0   0 
NF_ttbar_gstr   -0.0509009 +0.216773 -0.189506  0.425011   0.00146572  0   0 
NF_ttbar_HFe   -0.31474 +0.225644 -0.200563  0.0100601   0.421109  0   0 
NF_ttbar_HFm   -0.0274554 +0.168105 -0.163242  0.0125852   0.421083  0   0 
NF_ttW_4j_plus   0.189862 +0.17554 -0.169181  0.427938   0.00847466  0   0 
scaling_a   0.423925 +0.107449 -0.106462  -0.0447956   0.457283  0   0 
scaling_b   0.358819 +0.234234 -0.221674  0.443248   0.40519  0   0 
NF_ttW_4j_minus   0.0709412 +0.269501 -0.2574  0.425662   0.00685987  0   0 
tttt_syst_varRF   0.0508982 +0.999648 -0.99964  0.424826   0.42517  0.424826   0.42517 
MUON_SAGITTA_GLOBAL   -0.00517481 +1.00136 -1.00146  0.425049   0.422244  0.425049   0.422248 
JET_EffectiveNP_Modelling2   0.00418421 +0.9932 -0.992933  0.424994   0.424762  0.424994   0.42476 
FT_EFF_Eigen_C_1__1   -0.00140511 +0.999993 -1.00001  0.42475   0.425207  0.42475   0.425207 
ttW_syst_varRF   0.0268584 +0.999892 -0.999873  0.425399   0.42455  0.425399   0.42455 
FT_EFF_Eigen_B_10__1   0.00283664 +1.00004 -1.00004  0.422954   0.427009  0.422954   0.427009 
gamma_stat_CR1b3lm_lep_2_pt_bin_0   0.00339798 +1.00267 -0.984203  0.423396   0.426111  0.4234   0.426121 
gamma_stat_CR1b3lm_lep_2_pt_bin_1   -0.0121818 +0.977178 -0.945819  0.424404   0.425732  0.424391   0.425643 
ttZ_high_mll_syst_MUR05_MUF05   -0.13157 +0.993121 -0.993148  0.416884   0.43213  0.416831   0.432182 
FT_EFF_Eigen_C_0__1   -0.00159852 +1 -1  0.425273   0.424663  0.425273   0.424663 
ttH_syst_varRF   -0.105909 +0.993295 -0.993393  0.415685   0.432968  0.415627   0.433025 
JET_EffectiveNP_Detector2   -4.96053e-12 +1 -1  0.42497   0.42497  0.42497   0.42497 
JET_EffectiveNP_Mixed3   0.000323487 +0.999677 -0.999676  0.42497   0.425019  0.42497   0.425019 
JET_EffectiveNP_Modelling4   -4.96053e-12 +1 -1  0.42497   0.42497  0.42497   0.42497 
JET_EffectiveNP_Statistical1   -4.96053e-12 +1 -1  0.42497   0.42497  0.42497   0.42497 
JET_EffectiveNP_Statistical4   0.000108211 +1.00011 -1.00011  0.424906   0.42497  0.424906   0.42497 
JET_EffectiveNP_Statistical5   0.000215156 +0.999785 -0.999786  0.42497   0.424955  0.42497   0.424955 
JET_EffectiveNP_Statistical6   -4.96053e-12 +1 -1  0.42497   0.42497  0.42497   0.42497 
MUON_SAGITTA_DATASTAT   9.08523e-06 +1.00001 -1.00001  0.424954   0.42497  0.424954   0.42497 
MUON_SAGITTA_PTEXTRA   -0.00132578 +0.999923 -0.999931  0.424991   0.424978  0.424991   0.424978 
Diboson_4jets   -0.102036 +0.720435 -0.888807  0.434568   0.425265  0.439618   0.425263 
Diboson_5jets   -0.199882 +0.527605 -0.727422  0.0144869   0.00821156  0.447517   0.00804091 
JET_Flavor_Composition_Sig   9.8235e-05 +0.999994 -0.999994  0.422463   0.427403  0.422463   0.427403 
gamma_stat_CR1bminus_nJets_bin_0   -0.00105594 +0.999313 -0.970342  0.425753   0.424257  0.425754   0.424302 
gamma_stat_CR1bminus_nJets_bin_1   -0.00518555 +0.995126 -0.967004  0.42484   0.424517  0.424844   0.424385 
gamma_stat_CR1bminus_nJets_bin_2   0.0101803 +0.987972 -0.970841  0.425558   0.424684  0.425563   0.424676 
gamma_stat_CR1bminus_nJets_bin_3   -0.00135428 +0.983873 -0.960405  0.425675   0.424331  0.425683   0.424303 
gamma_stat_CR1bminus_nJets_bin_4   -0.0147132 +0.976284 -0.937991  0.426183   0.423828  0.42623   0.423751 
gamma_stat_CR1bminus_nJets_bin_5   -0.0492815 +0.951442 -0.87066  0.428415   0.421716  0.42859   0.42126 
gamma_stat_CR1bminus_nJets_bin_6   -0.069638 +0.918626 -0.761848  0.435703   0.413963  0.43662   0.410373 
FT_EFF_Eigen_B_5__1   -0.000124634 +1 -1  0.424943   0.424997  0.424943   0.424997 
FT_EFF_Eigen_B_9__1   0.000343688 +1 -1  0.42475   0.425188  0.42475   0.425188 
FT_EFF_Eigen_C_2__1   -0.000701642 +1 -1  0.424978   0.424961  0.424978   0.424961 
FT_EFF_Eigen_C_6__1   -6.81986e-12 +1 -1  0.42497   0.42497  0.42497   0.42497 
FT_EFF_Eigen_Light_2__1   -0.00276592 +1 -0.999985  0.424032   0.425894  0.424032   0.425894 
JET_EffectiveNP_Statistical3   2.80614e-12 +1 -1  0.42497   0.42497  0.42497   0.42497 
FT_EFF_Eigen_Light_3__1   -0.00136877 +1 -1  0.425007   0.424932  0.425007   0.424932 
gamma_stat_CR1bplus_nJets_bin_0   -0.000779106 +1.00581 -0.973604  0.426975   0.422896  0.426963   0.422938 
gamma_stat_CR1bplus_nJets_bin_1   -0.00546753 +0.996736 -0.968809  0.426377   -0.00161106  0.426373   0.423757 
gamma_stat_CR1bplus_nJets_bin_2   -0.00577572 +0.980078 -0.964862  0.426823   0.423043  0.426863   0.422959 
gamma_stat_CR1bplus_nJets_bin_3   0.00693603 +0.985248 -0.963157  0.427488   0.421969  0.427505   0.421854 
gamma_stat_CR1bplus_nJets_bin_4   0.0534736 +1.0011 -0.958416  0.429748   0.419971  0.429743   0.419757 
gamma_stat_CR1bplus_nJets_bin_5   0.0712648 +0.977109 -0.876837  0.434168   0.415266  0.434379   0.413889 
gamma_stat_CR1bplus_nJets_bin_6   -0.205881 +0.817761 -0.645386  0.444874   -0.0230175  0.448993   -0.0429806 
Other_truthgbb_3b   -0.0126399 +0.983244 -0.987279  0.416824   0.424884  0.416681   0.424884 
Other_truthgbb_4b   0.00692765 +1.0083 -1.00691  0.416464   0.425216  0.416547   0.425216 
FT_EFF_Eigen_C_9__1   -6.20537e-12 +1 -1  0.42497   0.42497  0.42497   0.42497 
ttW_truthgbb_4b   0.0194344 +1.02071 -1.01926  0.40366   0.427101  0.404187   0.427101 
gamma_stat_CRttW2l_minus_nJets_bin_0   0.00323875 +0.995325 -0.982455  0.425194   0.424707  0.425196   0.424704 
gamma_stat_CRttW2l_minus_nJets_bin_1   -0.00178289 +0.989227 -0.975916  0.422781   0.427136  0.422823   0.427257 
gamma_stat_CRttW2l_minus_nJets_bin_2   -0.00178513 +0.979671 -0.970289  0.421705   0.428122  0.421631   0.428219 
gamma_stat_CRttW2l_plus_nJets_bin_0   0.000318905 +0.998887 -0.988641  0.424805   0.42524  0.424804   0.42524 
gamma_stat_CRttW2l_plus_nJets_bin_1   0.00140171 +0.993285 -0.98222  0.423176   0.426877  0.423164   0.426792 
gamma_stat_CRttW2l_plus_nJets_bin_2   -0.00623164 +0.981949 -0.979313  0.422486   0.427265  0.422437   0.427315 
gamma_stat_CRttbarCO2l_CO_1_bin_0   0.000558571 +1.00574 -0.992044  0.423624   0.426274  0.42363   0.426414 
ttt_truthgbb_4b   0.00364863 +1.00431 -1.00365  0.420563   0.425045  0.420585   0.425045 
ttH_truthgbb_3b   -0.00835451 +0.98371 -0.991611  0.414435   0.424857  0.414263   0.424857 
gamma_stat_CRttbarCO2l_gstr_1_bin_0   0.00058404 +1.0141 -0.985334  0.42492   0.424901  0.424922   0.424901 
gamma_stat_SR2b2l_HT_all_bin_0   -0.000151772 +0.986658 -0.975639  0.430382   0.418907  0.430457   0.418756 
gamma_stat_SR2b2l_HT_all_bin_1   0.00416839 +0.995603 -0.984778  0.428726   0.421035  0.428744   0.420975 
gamma_stat_SR2b2l_HT_all_bin_2   -0.00107538 +0.996511 -0.985325  0.427917   0.422061  0.427926   0.422017 
gamma_stat_SR2b2l_HT_all_bin_3   -0.000582891 +1.00082 -0.990715  0.424107   0.425793  0.424108   0.425801 
MUON_EFF_ISO_STAT   0.000168303 +1 -1  0.424956   0.424984  0.424956   0.424984 
MUON_EFF_RECO_SYS   -1.88661e-05 +1 -1  0.42497   0.42497  0.42497   0.42497 
FT_EFF_Eigen_C_10__1   9.55869e-12 +1 -1  0.42497   0.42497  0.42497   0.42497 
FT_EFF_Eigen_Light_4__1   0.000332594 +1.00001 -1  0.424867   0.42507  0.424867   0.42507 
FT_EFF_Eigen_Light_9__1   -7.77482e-05 +1 -1  0.424984   0.424956  0.424984   0.424956 
FT_EFF_Eigen_C_8__1   0.000193753 +1 -1  0.424963   0.424977  0.424963   0.424977 
gamma_stat_SR2b3l4l_HT_all_bin_0   0.00207427 +1.00387 -0.979217  0.424263   0.425644  0.424266   0.425657 
gamma_stat_SR2b3l4l_HT_all_bin_1   -0.00232606 +1.00369 -0.981086  0.424368   0.425554  0.424371   0.425565 
gamma_stat_SR2b3l4l_HT_all_bin_2   -0.00142751 +1.00313 -0.986964  0.422555   0.427243  0.422562   0.427274 
ttZ_truthgbb_3b   -0.00983969 +0.983578 -0.990112  0.417397   0.424876  0.417267   0.424876 
ttW_truthgbb_3b   -0.0239256 +0.962812 -0.97577  0.39911   0.424249  0.398079   0.424248 
gamma_stat_SR3b2l_HT_all_bin_0   0.00507341 +0.992359 -0.969497  0.426316   0.423563  0.426327   0.423516 
gamma_stat_SR3b2l_HT_all_bin_1   -0.00117363 +0.999009 -0.978753  0.424268   0.425553  0.424268   0.425566 
gamma_stat_SR3b2l_HT_all_bin_2   -0.00528982 +0.999693 -0.982289  0.420911   0.428581  0.42091   0.428649 
gamma_stat_SR3b2l_HT_all_bin_3   0.000453801 +1.00564 -0.990746  0.412604   0.435397  0.412668   0.435502 
FT_EFF_Eigen_Light_6__1   -5.95053e-13 +1 -1  0.42497   0.42497  0.42497   0.42497 
gamma_stat_SR3b3l4l_HT_all_bin_0   -8.81169e-05 +1.00745 -0.977682  0.423123   0.426626  0.423137   0.426664 
gamma_stat_SR3b3l4l_HT_all_bin_1   0.000494503 +1.0085 -0.98826  0.417277   0.431716  0.417338   0.4318 
ttZ_truthgbb_4b   0.00555393 +1.00632 -1.00555  0.418111   0.425234  0.418161   0.425235 
ttH_truthgbb_4b   0.00592668 +1.00661 -1.00592  0.417949   0.425259  0.418001   0.42526 
gamma_stat_SR4b_HT_all_bin_0   0.000119597 +1.00726 -0.985575  0.425246   0.424292  0.425244   0.424282 
gamma_stat_SR4b_HT_all_bin_1   0.000268317 +1.00349 -0.99547  0.415351   0.435155  0.415385   0.4352 
