tttt_Xsec   -0.00168226 +0.956196 -0.95373  -0.0668745   0.0683425  -0.0702318   0.0713749 
tttt_syst_PS   -0.0101967 +0.988276 -0.989756  0.00115545   -2.3115e-05  0.00116074   -2.26298e-05 
JET_EtaIntercalibration_Modelling   -0.00498708 +1.00658 -1.00171  -0.00167342   0.000117809  -0.00166164   0.000117556 
JET_InSitu_NonClosure_PreRec   -0.00601424 +0.995229 -0.990333  -0.0096847   0.00202626  -0.0097395   0.00204442 
JET_JERUnc_Noise_PreRec   0.0217796 +0.985575 -0.963293  0.000115982   0.00086075  0.000118035   0.000801365 
JET_JERUnc_Noise_PreRec_PseudoData   -0.025399 +0.961601 -0.978871  0.00263208   -1.3635e-05  0.00269921   -1.23552e-05 
JET_JER_EffectiveNP_1   0.0162845 +1.00143 -1.01612  -0.00163973   -1.9826e-05  -0.00163621   -2.05178e-05 
JET_JER_EffectiveNP_1_PseudoData   -0.0155651 +1.00249 -0.996413  -0.000187916   0.000121028  -0.000187634   0.000119978 
JET_JER_EffectiveNP_2_PseudoData   -0.030224 +0.991172 -0.974893  -0.000419678   -0.00115472  -0.000423523   -0.00120918 
JET_JER_EffectiveNP_3   -0.0211855 +1.02129 -1.0089  -1.73059e-05   -0.00205767  -1.81195e-05   -0.00203227 
JET_JER_EffectiveNP_3_PseudoData   0.0452501 +0.996043 -1.00304  -0.000484665   -0.000443891  -0.000487524   -0.000442533 
JET_JER_EffectiveNP_4   -0.00285417 +1.00711 -0.989571  -0.000179309   -0.000906509  -0.000178867   -0.000939307 
JET_JER_EffectiveNP_4_PseudoData   0.020479 +0.974559 -0.989491  -0.000290494   -0.000380641  -0.000312568   -0.000384583 
JET_JER_EffectiveNP_5   -0.0106249 +1.01261 -0.999758  -0.000981144   -5.60835e-05  -0.000969326   -5.60866e-05 
JET_JER_EffectiveNP_5_PseudoData   0.0140793 +0.99858 -0.997239  -5.99439e-05   -0.000829641  -5.99592e-05   -0.000832196 
JET_JER_EffectiveNP_6   0.000806939 +1.00302 -1.00019  -0.000896397   -0.000223782  -0.000893676   -0.000223762 
JET_JER_EffectiveNP_6_PseudoData   -0.00152295 +0.995353 -0.997892  -0.000767227   -2.08156e-05  -0.000771117   -2.06961e-05 
JET_JER_EffectiveNP_7_PseudoData   -0.000689922 +0.999049 -0.997285  -1.38282e-06   -0.000660045  -1.32243e-06   -0.000662023 
JET_JER_EffectiveNP_8   -0.000950931 +1.00267 -1.00264  -0.00163685   -0.00104707  -0.00163058   -0.00104428 
JET_JER_EffectiveNP_9   0.0126164 +1.00292 -1.00756  -0.000206101   -2.8755e-05  -0.000205907   -2.89287e-05 
JET_JER_EffectiveNP_9_PseudoData   -0.000675242 +1.00058 -0.998684  -0.000129006   -0.000625977  -0.000128961   -0.000626924 
JET_JER_EffectiveNP_10   -0.00859905 +1.00954 -1.00052  6.95166e-05   0.000376364  6.82236e-05   0.000376191 
JET_JER_EffectiveNP_10_PseudoData   -0.000889052 +0.999136 -1.00087  -0.000250828   -5.14749e-05  -0.000251253   -5.14784e-05 
JET_JER_EffectiveNP_11   -0.0034973 +1.00481 -1.0008  1.28923e-05   -2.22999e-05  1.25498e-05   -2.23714e-05 
JET_JER_EffectiveNP_11_PseudoData   -6.59047e-05 +0.999592 -0.998311  -0.000267042   -0.00074021  -0.000267138   -0.000741589 
JET_JER_EffectiveNP_12restTerm_PseudoData   -0.000747926 +1.00075 -0.998844  -2.88021e-05   -0.000522682  -2.8836e-05   -0.00052339 
JET_Pileup_OffsetNPV   0.00741047 +0.992888 -0.990341  -0.0053229   0.000527433  -0.00536511   0.000531928 
JET_Pileup_PtTerm   -0.00319627 +1.00468 -1.00512  -0.00284654   -7.48649e-05  -0.00283251   -7.47707e-05 
JET_Pileup_RhoTopology   0.0039064 +0.992483 -0.988063  -0.00888735   0.00157208  -0.00896625   0.00158949 
JET_RelativeNonClosure_AF3   6.64438e-06 +0.999996 -0.999998  -5.08136e-05   -0.000158211  -5.08135e-05   -0.000158211 
tttt_Gen   -0.017319 +0.946399 -0.982531  -0.0425173   -0.000401426  -0.0448679   -0.000405195 
JET_EffectiveNP_Modelling1   0.00486239 +0.999869 -0.999246  -0.00471365   0.000476785  -0.00471437   0.000477166 
JET_EtaIntercalibration_NonClosure_PreRec   0.00414173 +1.00258 -0.998032  -0.00509778   0.000286456  -0.00508373   0.000287068 
JET_Flavor_Response   0.00056482 +0.996913 -1.00193  0.000139441   -0.00175259  0.000139967   -0.00174895 
JET_JER_EffectiveNP_7   -0.000320701 +1.00075 -1.00075  4.09734e-05   2.79469e-05  4.08908e-05   2.7875e-05 
JET_JESUnc_Noise_PreRec   0.00541382 +0.99927 -0.997875  -0.00468723   0.000389676  -0.00469118   0.00039049 
JET_JESUnc_VertexingAlg_PreRec   0.00582419 +0.999975 -0.997338  -0.0052448   -0.000897235  -0.00524496   -0.000899595 
PRW_DATASF   -0.00206973 +0.997624 -0.997928  -0.00101384   0.000407343  -0.00101649   0.000408181 
FT_EFF_Eigen_B_2__1   0.000927097 +0.999833 -0.999832  0.000359007   -0.000454428  0.000359082   -0.000454502 
ttt_Xsec   -0.00139067 +0.999426 -0.999455  -0.00439374   0.00426669  -0.00439678   0.00426866 
JET_JER_DataVsMC_MC16   0.00129218 +0.998712 -0.99577  -2.86788e-05   -0.000113061  -2.86215e-05   -0.000113194 
JET_JER_DataVsMC_MC16_PseudoData   0.0333275 +0.998842 -1.00314  0.00030428   -0.000260314  0.000304769   -0.000259709 
JET_JER_EffectiveNP_2   -0.00720573 +0.974664 -0.99788  0.000228091   -3.76299e-05  0.000207464   -3.75386e-05 
JET_JER_EffectiveNP_8_PseudoData   -0.0051539 +1.00292 -0.996821  -9.20647e-05   -0.0022249  -9.19262e-05   -0.0022342 
ttWW_Xsec   0.0166934 +0.990209 -0.991332  -0.00214435   0.00236165  -0.00217151   0.00237877 
JET_EffectiveNP_Statistical2   0.00229474 +1.0022 -1.00209  3.56878e-05   -2.77298e-05  3.56072e-05   -2.78326e-05 
JET_EtaIntercalibration_TotalStat   -0.00140091 +1.00316 -1.00314  -4.73702e-05   2.96766e-05  -4.74406e-05   2.95785e-05 
JET_Flavor_Composition_Bkg   0.00324518 +0.996769 -0.992149  -0.00408713   0.000821939  -0.00410141   0.000828216 
JET_JER_EffectiveNP_12restTerm   0.00760883 +1.00677 -1.00759  -4.25561e-05   -2.89871e-05  -1.54803e-05   -2.93285e-05 
JET_Pileup_OffsetMu   -0.000833347 +1.00244 -1.00101  -0.00150959   0.000366412  -0.00150566   0.000366042 
others_Xsec   -0.0278356 +1.00035 -0.997267  -0.0043012   0.0042484  -0.00429938   0.00425267 
EG_RESOLUTION_ALL   -0.00526809 +1.01835 -1.0171  -9.42919e-05   -0.000313796  -9.34189e-05   -0.000308915 
ttZ_Xsec   -0.0417426 +0.985717 -0.984525  -0.00361823   0.00355983  -0.00366897   0.00361133 
ttZ_Gen   0.490466 +0.757666 -1.34303  -0.00939914   0.00497387  -0.0121189   0.00546871 
JET_BJES_Response   -0.00184077 +1.00664 -1.00658  -7.03565e-06   0.000186308  -7.48536e-06   0.00018476 
ttH_Xsec   0.0288299 +0.98095 -0.980484  0.000375951   -0.000165462  0.00037658   -0.000156066 
EG_SCALE_ALL   0.0158714 +1.0162 -1.01887  -0.000189643   -2.59672e-05  -0.000186122   -5.7354e-05 
JET_EffectiveNP_Detector1   -0.00218026 +1.00219 -1.00232  -2.89418e-05   3.56916e-05  -2.90418e-05   3.56063e-05 
JET_EffectiveNP_Mixed1   -0.00217848 +1.00219 -1.00232  -2.88808e-05   -1.56937e-05  -2.89805e-05   -1.5674e-05 
JET_EffectiveNP_Mixed2   0.00218026 +1.00232 -1.00219  3.56916e-05   -2.89419e-05  3.56064e-05   -2.90416e-05 
MUON_CB   0.000601609 +1.00392 -1.00417  -2.42535e-05   5.00122e-05  -2.41866e-05   4.9602e-05 
singleTop_Xsec   -0.132737 +0.997535 -0.982326  -0.0034834   0.00342301  -0.00349148   0.00347414 
VV_truthgbb_3b   -0.0869204 +0.825501 -0.907513  0.000274884   -1.95766e-05  0.00045542   -1.91788e-05 
VV_truthgbb_4b   0.000242741 +1.00109 -1.00025  -0.00149206   -7.50536e-05  -0.00149145   -7.50638e-05 
Diboson_syst_varRF   -0.00343368 +0.992076 -0.992081  0.000870972   -0.000834886  0.000877701   -0.000834928 
gamma_stat_CR1b3le_lep_2_pt_bin_0   0.00329316 +1.00123 -0.979335  -0.000485816   0.000456884  -0.000485182   0.000468049 
gamma_stat_CR1b3le_lep_2_pt_bin_1   -4.46691e-05 +0.980637 -0.93532  9.5396e-05   -0.000151128  9.61939e-05   -0.000156783 
NF_ttbar_CO   -0.0284706 +0.293756 -0.272176  0.000282165   -2.15267e-05  0   0 
NF_ttbar_gstr   -0.0284966 +0.202845 -0.185408  -0.000931964   0.00108093  0   0 
NF_ttbar_HFe   -0.351382 +0.210361 -0.200437  0.00105173   -0.000831916  0   0 
NF_ttbar_HFm   -0.0654781 +0.143946 -0.138303  0.00174294   -0.00140222  0   0 
NF_ttW_4j_plus   0.226819 +0.165427 -0.164685  -0.00543844   0.00601981  0   0 
scaling_a   0.454552 +0.105254 -0.103693  -0.0261771   0.0292064  0   0 
scaling_b   0.295941 +0.218911 -0.214828  0.0163453   -0.0148223  0   0 
NF_ttW_4j_minus   0.128912 +0.253002 -0.251382  -0.00428803   0.00475644  0   0 
tttt_syst_varRF   0.00106992 +0.999946 -0.999957  -0.000284022   0.000224665  -0.000284033   0.000224677 
CO_ShapeSyst_simple   -0.042273 +0.930335 -0.956705  0.000433717   -1.92497e-05  0.000528911   -4.41202e-05 
Gstr_ShapeSyst_simple   -0.00571392 +0.993434 -0.994275  -0.000144266   -2.96298e-05  -0.000129929   -2.9352e-05 
MUON_SAGITTA_GLOBAL   5.17365e-05 +0.999953 -0.999889  -2.89781e-05   -0.00175178  -2.89761e-05   -0.00175198 
ttW_syst_varRF   -0.000127691 +0.999985 -0.999973  0.000224442   -0.000280131  0.000224446   -0.000280136 
JET_Flavor_Composition_Sig   -1.78601e-08 +1 -1  -3.07851e-05   -2.89005e-05  -3.07853e-05   -2.89007e-05 
gamma_stat_CR1b3lm_lep_2_pt_bin_0   0.00228129 +1.003 -0.983467  -0.000683605   0.000638435  -0.000681539   0.000656234 
gamma_stat_CR1b3lm_lep_2_pt_bin_1   -0.0124398 +0.975087 -0.94312  -9.05687e-05   4.90241e-05  -0.000102422   5.1152e-05 
ttH_PS   0.037275 +1.02043 -1.03664  0.00583972   -0.000147259  0.00567428   -0.000148311 
ttH_Gen   -0.0333083 +0.956917 -0.966085  -0.00159715   -5.58591e-05  -0.00167288   -5.3722e-05 
ttH_syst_varRF   0.029664 +0.994328 -0.994586  -0.00136723   0.00124595  -0.00137531   0.00125279 
FT_EFF_Eigen_B_0__1   8.93268e-07 +1 -1  -3.17131e-05   -2.60496e-05  -3.17132e-05   -2.60498e-05 
FT_EFF_Eigen_B_1__1   5.56902e-07 +1 -1  -3.06623e-05   -2.71224e-05  -3.06624e-05   -2.71224e-05 
FT_EFF_Eigen_B_3__1   -3.6425e-06 +0.999999 -1  -0.000120871   5.85207e-05  -0.000120871   5.85207e-05 
Diboson_4jets   -0.0559393 +0.639119 -0.941712  -0.000262704   -3.11059e-05  -0.000600793   -3.05858e-05 
Diboson_5jets   -0.16084 +0.56349 -0.805147  8.86934e-05   4.83454e-06  0.000493677   0.000177203 
gamma_stat_CR1bminus_nJets_bin_0   -0.00106957 +0.981837 -0.969046  -0.000278159   0.000238115  -0.000272022   0.000245595 
gamma_stat_CR1bminus_nJets_bin_1   -0.00456394 +0.980164 -0.966412  -0.00103742   0.00102194  -0.00103556   0.00104414 
gamma_stat_CR1bminus_nJets_bin_2   0.0106637 +0.987705 -0.97087  -0.000387582   0.000399767  -0.000392387   0.000367634 
gamma_stat_CR1bminus_nJets_bin_3   -0.00108669 +0.983872 -0.960415  0.000391448   -0.000492089  0.000399314   -0.000469577 
gamma_stat_CR1bminus_nJets_bin_4   -0.0146798 +0.976015 -0.937841  0.00130138   -0.00128927  0.00133401   -0.00137668 
gamma_stat_CR1bminus_nJets_bin_5   -0.0496467 +0.951231 -0.871243  0.0023376   -0.00220522  0.00245919   -0.00252942 
gamma_stat_CR1bminus_nJets_bin_6   -0.0784448 +0.912427 -0.758707  0.00816154   -0.00765632  0.00888395   -0.0102456 
JET_NNJvtEfficiency   -3.44315e-05 +0.999963 -0.999936  0.000496871   -0.00055181  0.000496891   -0.000551839 
FT_EFF_Eigen_B_8__1   0 +1 -1  -2.89005e-05   -2.89004e-05  -2.89007e-05   -2.89007e-05 
FT_EFF_Eigen_B_10__1   0 +1 -1  -2.89005e-05   -2.89004e-05  -2.89007e-05   -2.89007e-05 
FT_EFF_Eigen_Light_0__1   0.0045762 +0.99997 -0.999987  0.000783207   -0.000928149  0.000783231   -0.00092816 
FT_EFF_Eigen_Light_1__1   -0.00882149 +1.00011 -0.999847  2.85341e-05   -0.000113179  2.85257e-05   -0.000113179 
JET_EffectiveNP_Modelling2   1.65777e-06 +1.00001 -1.00001  2.18575e-05   -2.89004e-05  2.18569e-05   -2.89006e-05 
JET_EffectiveNP_Modelling3   -1.65777e-06 +1.00001 -1.00001  -2.89005e-05   2.18574e-05  -2.89006e-05   2.18568e-05 
FT_EFF_Eigen_Light_2__1   0 +1 -1  -2.89005e-05   -2.89005e-05  -2.89006e-05   -2.89006e-05 
gamma_stat_CR1bplus_nJets_bin_0   -6.87556e-05 +0.983388 -0.972934  -6.31938e-05   8.3754e-06  -6.36948e-05   1.19062e-05 
gamma_stat_CR1bplus_nJets_bin_1   -0.00424953 +0.980284 -0.968591  -0.000942674   0.000900702  -0.00095421   0.000917453 
gamma_stat_CR1bplus_nJets_bin_2   -0.0046682 +0.980317 -0.965396  -5.96746e-05   -8.43596e-06  -5.9481e-05   -1.27021e-05 
gamma_stat_CR1bplus_nJets_bin_3   0.00787514 +0.985548 -0.963648  0.00143273   -0.00158092  0.00145439   -0.00156357 
gamma_stat_CR1bplus_nJets_bin_4   0.0535057 +1.00107 -0.958846  0.00320356   -0.00308213  0.00322079   -0.00320615 
gamma_stat_CR1bplus_nJets_bin_5   0.0683091 +0.97414 -0.875235  0.00704304   -0.00653726  0.00722942   -0.00746722 
gamma_stat_CR1bplus_nJets_bin_6   -0.22715 +0.801708 -0.633873  0.016371   -0.0158826  0.0200926   -0.0266238 
FT_EFF_Eigen_C_3__1   0 +1 -1  -2.89004e-05   -2.89005e-05  -2.89007e-05   -2.89006e-05 
gamma_stat_CRttW2l_minus_nJets_bin_0   0.003348 +0.996035 -0.982208  0.00029475   -0.000363427  0.000242842   -0.000381875 
gamma_stat_CRttW2l_minus_nJets_bin_1   -0.00167989 +0.988785 -0.974837  -0.000788708   0.000751143  -0.000804077   0.00077036 
gamma_stat_CRttW2l_minus_nJets_bin_2   -0.0025998 +0.974725 -0.948356  0.000122608   -0.000134677  0.000121047   -0.000146992 
gamma_stat_CRttW2l_plus_nJets_bin_0   -0.000198955 +0.998296 -0.9881  0.000609384   -0.000654874  0.000610352   -0.000662464 
gamma_stat_CRttW2l_plus_nJets_bin_1   0.00161908 +0.992668 -0.981369  -0.000829719   0.000750661  -0.000835681   0.000767097 
gamma_stat_CRttW2l_plus_nJets_bin_2   -0.00777867 +0.975435 -0.951301  0.000758071   -0.000792642  0.000777908   -0.000819291 
gamma_stat_CRttbarCO2l_CO_1_bin_0   0.000597747 +1.00572 -0.991399  -0.000275436   0.000205294  -0.000274298   0.000205258 
gamma_stat_CRttbarCO2l_gstr_1_bin_0   0.00105233 +1.01402 -0.985349  0.000151267   -0.000236871  0.000139076   -0.000239513 
gamma_stat_SR2b2l_HT_all_bin_0   5.22587e-06 +0.986032 -0.97509  0.00246167   -0.00245912  0.00249635   -0.00252135 
gamma_stat_SR2b2l_HT_all_bin_1   3.69782e-06 +0.993692 -0.98284  0.00257159   -0.00256201  0.00258791   -0.00260647 
gamma_stat_SR2b2l_HT_all_bin_2   2.4863e-06 +0.997228 -0.986189  0.0019675   -0.00201691  0.00197314   -0.00204507 
gamma_stat_SR2b2l_HT_all_bin_3   1.02677e-06 +1.0011 -0.991303  0.000599671   -0.000619008  0.000599007   -0.00062437 
MUON_EFF_ISO_SYS   1.39008e-07 +1 -1  -2.62334e-05   -3.15943e-05  -2.62336e-05   -3.15945e-05 
FT_EFF_Eigen_B_4__1   -4.76616e-07 +1 -1  -2.73699e-05   -3.04002e-05  -2.737e-05   -3.04002e-05 
FT_EFF_Eigen_B_6__1   3.32447e-06 +1 -1  3.7184e-05   -9.76075e-05  3.71835e-05   -9.76075e-05 
FT_EFF_Eigen_B_7__1   -5.34897e-06 +1 -1  -0.000137272   7.30256e-05  -0.000137272   7.30249e-05 
FT_EFF_Eigen_B_9__1   0 +1 -1  -2.89004e-05   -2.89005e-05  -2.89007e-05   -2.89006e-05 
JET_EffectiveNP_Mixed3   -1.65776e-06 +1.00001 -1.00001  -2.89005e-05   2.18575e-05  -2.89007e-05   2.1857e-05 
JET_EffectiveNP_Statistical4   0 +1 -1  -2.89004e-05   -2.89004e-05  -2.89007e-05   -2.89007e-05 
JET_EffectiveNP_Statistical6   0 +1 -1  -2.89004e-05   -2.89004e-05  -2.89007e-05   -2.89007e-05 
gamma_stat_SR2b3l4l_HT_all_bin_0   3.28011e-06 +1.00251 -0.97808  -0.000150472   8.84287e-05  -0.000150324   0.000101846 
gamma_stat_SR2b3l4l_HT_all_bin_1   2.12552e-06 +1.00466 -0.982405  -0.000193758   0.000150773  -0.000193302   0.000168109 
gamma_stat_SR2b3l4l_HT_all_bin_2   2.31013e-07 +1.00379 -0.988356  -0.00122599   0.00112346  -0.00122179   0.00113755 
Other_truthgbb_3b   -0.000177642 +0.998858 -0.999827  -0.00458825   -2.93463e-05  -0.00459424   -2.9339e-05 
ttZ_high_mll_syst_MUR05_MUF05   -6.22167e-05 +0.999121 -0.999256  -0.00197077   0.0019008  -0.00197248   0.00190222 
ttZ_truthgbb_3b   -8.95685e-05 +0.996768 -0.999915  -0.00259215   -2.9122e-05  -0.00260077   -2.91178e-05 
ttW_truthgbb_3b   -0.000419411 +0.997677 -0.999585  -0.0134559   -3.07202e-05  -0.0134893   -3.0697e-05 
gamma_stat_SR3b2l_HT_all_bin_0   -8.75038e-07 +0.989251 -0.966683  0.00133167   -0.00136684  0.0013463   -0.00140905 
gamma_stat_SR3b2l_HT_all_bin_1   -9.84297e-07 +0.999726 -0.980432  -0.000236286   0.000166765  -0.000236354   0.000162658 
gamma_stat_SR3b2l_HT_all_bin_2   -1.23873e-06 +1.00233 -0.98663  -0.00193465   0.00190036  -0.00193032   0.00192428 
gamma_stat_SR3b2l_HT_all_bin_3   -1.81282e-06 +1.00423 -0.991039  -0.00402452   0.00392183  -0.00400714   0.00400466 
ttH_truthgbb_3b   -0.000172293 +0.99695 -0.999833  -0.00512904   -2.95167e-05  -0.005145   -2.95097e-05 
MUON_SAGITTA_PTEXTRA   0 +1 -1  -2.89004e-05   -2.89004e-05  -2.89007e-05   -2.89007e-05 
JET_EffectiveNP_Statistical5   -1.65776e-06 +1.00001 -1.00001  -2.89005e-05   2.18576e-05  -2.89006e-05   2.1857e-05 
gamma_stat_SR3b3l4l_HT_all_bin_0   -1.51964e-06 +1.00718 -0.978843  -0.000659507   0.000579223  -0.000654995   0.00059298 
gamma_stat_SR3b3l4l_HT_all_bin_1   -2.55677e-06 +1.00712 -0.989426  -0.00303266   0.00292344  -0.00302152   0.00295559 
ttt_truthgbb_4b   -9.95186e-05 +0.999511 -0.999905  -0.00324036   -2.91653e-05  -0.00324215   -2.91612e-05 
Other_truthgbb_4b   -0.000191295 +0.998948 -0.999814  -0.00610422   -2.96482e-05  -0.00611152   -2.96402e-05 
ttZ_truthgbb_4b   -0.000168145 +0.998198 -0.999837  -0.00518645   -2.9487e-05  -0.00519647   -2.94799e-05 
ttH_truthgbb_4b   -0.000142976 +0.99822 -0.999862  -0.00437258   -2.93555e-05  -0.00438078   -2.93495e-05 
MUON_SCALE   5.17365e-05 +0.999953 -0.999889  -2.8978e-05   -0.00175178  -2.89759e-05   -0.00175198 
ttW_truthgbb_4b   -0.000438598 +0.995124 -0.999566  -0.0146123   -3.24449e-05  -0.0146907   -3.24223e-05 
gamma_stat_SR4b_HT_all_bin_0   -1.87023e-06 +1.00381 -0.983811  -0.000827246   0.000787816  -0.000824181   0.000744555 
gamma_stat_SR4b_HT_all_bin_1   -1.3366e-06 +1.00318 -0.996345  -0.00469415   0.00463217  -0.00467868   0.00464929 
