tttt_Xsec   -0.00350136 +0.95852 -0.955135  -0.0641872   0.0666678  -0.067148   0.0695513 
tttt_syst_PS   -0.0158113 +0.999139 -0.998912  0.00107155   -0.00107585  0.00107249   -0.00107698 
JET_InSitu_NonClosure_PreRec   -0.00183249 +0.999193 -0.999064  -0.00398253   0.00389366  -0.00398606   0.00389689 
JET_JERUnc_Noise_PreRec   0.0148202 +0.997149 -1.00361  -8.99088e-05   0.000135488  -9.10031e-05   0.000135723 
JET_JERUnc_Noise_PreRec_PseudoData   -0.0177926 +0.999464 -0.998603  -0.000962008   0.000991399  -0.000962633   0.000992432 
JET_JER_EffectiveNP_1   0.0094269 +0.999542 -1.00039  -0.000873612   0.00080225  -0.000874108   0.000802029 
JET_JER_EffectiveNP_1_PseudoData   -0.00256585 +0.999691 -0.999511  -0.000387703   0.000398552  -0.000387864   0.000398687 
JET_JER_EffectiveNP_5   -0.00872452 +1.00039 -0.999588  5.76876e-06   -8.56976e-06  5.76755e-06   -8.57676e-06 
JET_JER_EffectiveNP_5_PseudoData   -0.000104784 +0.999704 -0.999716  0.000390702   -0.00039106  0.000390805   -0.00039118 
JET_JER_EffectiveNP_6   -0.00156843 +1.00007 -0.999859  5.96577e-05   -6.65435e-05  5.96543e-05   -6.65531e-05 
JET_JER_EffectiveNP_6_PseudoData   0.000926943 +0.999332 -0.999465  -0.00050558   0.000503583  -0.000505946   0.000503826 
JET_JER_EffectiveNP_8   0.001441 +0.999956 -0.999998  -0.000807528   0.000709062  -0.000807573   0.000709063 
JET_JER_EffectiveNP_9   0.00362534 +0.999856 -1.0001  -7.93037e-05   7.30245e-05  -7.9315e-05   7.30166e-05 
JET_JER_EffectiveNP_9_PseudoData   -0.000776267 +0.99971 -0.999713  0.000421819   -0.00042146  0.000421928   -0.000421592 
JET_JER_EffectiveNP_10   -0.00612248 +1.00026 -0.999713  2.43458e-07   -4.11041e-06  2.45084e-07   -4.11497e-06 
JET_Pileup_RhoTopology   0.00643069 +0.999341 -0.999293  -0.00279495   0.0027036  -0.00279701   0.00270525 
JET_RelativeNonClosure_AF3   9.83774e-07 +1 -1  -3.87797e-06   -3.83182e-06  -3.87811e-06   -3.83172e-06 
ttt_Xsec   -0.00209549 +0.999503 -0.999416  -0.00424201   0.0042865  -0.00424442   0.00428858 
JET_JESUnc_VertexingAlg_PreRec   0.0123032 +0.999691 -0.999765  -0.00182799   0.00171023  -0.00182863   0.00171057 
ttWW_Xsec   0.045689 +0.991313 -0.991866  -0.0024898   0.00262741  -0.00253527   0.00264167 
JET_JER_EffectiveNP_3   -0.00710607 +1.00025 -0.999672  0.000676318   -0.000667176  0.000676208   -0.000667454 
others_Xsec   -0.0264485 +1.0006 -0.997424  -0.00396978   0.00410511  -0.00396688   0.00411216 
ttZ_Xsec   -0.0315956 +0.984273 -0.98336  -0.00365677   0.0036519  -0.00371786   0.00367111 
ttZ_Gen   0.42012 +0.800924 -0.901011  -0.00746313   0.0084727  -0.00923475   0.00947113 
JET_JER_DataVsMC_MC16   -0.00128579 +1.00007 -0.999853  -0.000327517   0.000322903  -0.000327493   0.000322949 
JET_JER_EffectiveNP_2   -0.0108346 +1.00335 -0.997266  0.000429884   -0.000431642  0.000429204   -0.000433584 
JET_JER_EffectiveNP_4   0.0153647 +0.996707 -1.00352  -0.00054561   0.000621045  -0.000548288   0.000619517 
JET_Pileup_OffsetNPV   0.00192817 +0.999932 -1.00002  -0.000707025   0.000701879  -0.000707075   0.000701867 
ttZ_low_mll_syst_MUR05_MUF05   0.000718562 +0.999973 -0.999968  -1.86925e-05   1.00532e-05  -1.86925e-05   1.00532e-05 
ttZ_low_mll_syst_MUR1_MUF05   0.00158664 +0.999996 -0.999994  -8.78967e-06   9.09286e-07  -8.78933e-06   9.09712e-07 
ttH_Xsec   -0.00221848 +0.983769 -0.983209  0.000168077   -9.78648e-05  0.000265191   -0.000137679 
JET_Flavor_Composition_Bkg   0.00958399 +0.999241 -0.999254  -0.00170705   0.00173421  -0.0017084   0.00173543 
JET_Flavor_Response   0.00103632 +0.999546 -0.999866  0.000757732   -0.000765106  0.000758054   -0.000765213 
EG_SCALE_ALL   0.00783644 +0.999237 -0.999277  -7.98708e-05   7.04848e-05  -7.99356e-05   7.0532e-05 
singleTop_Xsec   -0.129915 +0.998859 -0.98342  -0.0036858   0.00344388  -0.00369222   0.00366278 
VV_truthgbb_3b   -0.157286 +0.986824 -0.970143  0.000205183   -0.00030749  0.000302507   -0.000259365 
VV_truthgbb_4b   0.0125835 +0.997586 -0.997956  -0.00102112   0.00103823  -0.00102373   0.00103997 
PRW_DATASF   -0.00194088 +0.999985 -0.999811  -0.000644358   0.000645662  -0.00064437   0.000645761 
JET_EffectiveNP_Modelling1   0.00327787 +0.999977 -1  -0.000790019   0.000783577  -0.000790038   0.000783577 
JET_EtaIntercalibration_Modelling   -0.00149551 +1.00005 -0.999898  -0.000724259   0.000720258  -0.00072422   0.000720326 
JET_EtaIntercalibration_NonClosure_PreRec   0.00958497 +0.999934 -0.999935  -0.000875137   0.000873938  -0.000875197   0.000873992 
JET_JESUnc_Noise_PreRec   0.00364607 +0.999946 -1.00003  -0.000776486   0.000770415  -0.00077653   0.000770392 
JET_JER_EffectiveNP_7_PseudoData   0.000792822 +0.999665 -0.999701  0.000458701   -0.00045697  0.000458841   -0.000457117 
JET_JER_EffectiveNP_8_PseudoData   -0.00353848 +0.999687 -0.999554  0.00127366   -0.00126232  0.00127397   -0.00126297 
JET_JER_EffectiveNP_10_PseudoData   -0.000719199 +0.99972 -0.999692  0.000365449   -0.000362071  0.00036553   -0.000362208 
JET_JER_EffectiveNP_11_PseudoData   -3.50531e-05 +0.999468 -0.999476  0.000243923   -0.000241924  0.000244025   -0.000242074 
JET_JER_EffectiveNP_12restTerm_PseudoData   -0.000639816 +0.999711 -0.999714  0.000399228   -0.000399512  0.000399331   -0.000399636 
JET_Pileup_OffsetMu   0.00128891 +0.999952 -1.00003  -0.000715396   0.000709098  -0.000715432   0.000709078 
JET_Pileup_PtTerm   0.00073622 +0.999996 -1.00001  -7.05065e-05   6.28592e-05  -7.0507e-05   6.28584e-05 
FT_EFF_Eigen_B_2__1   0.00104992 +0.999817 -0.999831  0.000464526   -0.000468562  0.000464606   -0.000468645 
JET_BJES_Response   1.81749e-05 +1 -1  -3.07648e-06   -4.63333e-06  -3.07624e-06   -4.63367e-06 
gamma_stat_CR1b3le_lep_2_pt_bin_0   0.00160042 +1.00602 -0.982197  -0.000424809   0.000427443  -0.000422402   0.000435535 
gamma_stat_CR1b3le_lep_2_pt_bin_1   -0.000400541 +0.980687 -0.935114  4.22353e-05   -4.82676e-05  4.3114e-05   -5.14446e-05 
NF_ttbar_CO   -0.0269962 +0.309668 -0.27889  0.000258334   0.000123504  0   0 
NF_ttbar_gstr   -0.0326103 +0.20356 -0.185656  -0.00113717   0.00113621  0   0 
NF_ttbar_HFe   -0.317231 +0.223072 -0.211836  0.000969354   -0.000817333  0   0 
NF_ttbar_HFm   -0.0640907 +0.145546 -0.138889  0.00264237   -0.0025072  0   0 
NF_ttW_4j_plus   0.217855 +0.17343 -0.169937  -0.00455237   0.00520271  0   0 
scaling_a   0.441352 +0.10797 -0.107115  -0.0261023   0.0282671  0   0 
scaling_b   0.346431 +0.2391 -0.232001  0.0154347   -0.0144645  0   0 
NF_ttW_4j_minus   0.115984 +0.257275 -0.25264  -0.00363766   0.00454725  0   0 
tttt_Gen   -0.0165069 +0.963559 -0.961486  -0.043729   0.0482532  -0.0454269   0.0500794 
JET_JER_EffectiveNP_3_PseudoData   0.00248963 +0.99921 -0.999544  0.000208177   -0.000201935  0.000208257   -0.000202078 
tttt_syst_varRF   0.00215941 +0.999954 -0.999947  -0.000269289   0.000263204  -0.000269302   0.000263218 
ttZ_low_mll_syst_MUR2_MUF2   0.000360107 +0.999986 -0.999992  3.22678e-05   -3.40316e-05  3.2268e-05   -3.40316e-05 
ttZ_low_mll_syst_MUR05_MUF1   -0.00146619 +0.999964 -0.999969  -0.000259976   0.000252649  -0.000259985   0.000252656 
ttZ_low_mll_syst_MUR2_MUF1   0.00169172 +0.999992 -0.999996  1.83055e-05   -2.23307e-05  1.83056e-05   -2.23305e-05 
CO_ShapeSyst_simple   -0.0796048 +0.986672 -0.989371  0.000460173   -0.000397481  0.00046758   -0.000401171 
Gstr_ShapeSyst_simple   -0.0198742 +0.999808 -0.999644  -0.00014671   0.000143376  -0.00014674   0.000143425 
JET_EtaIntercalibration_TotalStat   0.000940896 +0.999995 -1.00001  -4.35087e-05   3.58187e-05  -4.3509e-05   3.58191e-05 
JET_JER_DataVsMC_MC16_PseudoData   0.00297172 +0.999862 -1.0001  -1.12706e-05   5.32516e-06  -1.1272e-05   5.32469e-06 
JET_JER_EffectiveNP_2_PseudoData   0.0184867 +0.996558 -1.00367  -0.000442758   0.000478898  -0.000444778   0.000477594 
JET_JER_EffectiveNP_4_PseudoData   -0.0168408 +1.00333 -0.996523  0.000303376   -0.000275718  0.000302692   -0.000277061 
JET_JER_EffectiveNP_7   -0.000177236 +1 -0.999999  -3.18849e-05   2.42574e-05  -3.18845e-05   2.42577e-05 
JET_JER_EffectiveNP_11   -0.00197335 +1.00008 -0.999875  -3.7031e-05   3.07572e-05  -3.70278e-05   3.07617e-05 
JET_JER_EffectiveNP_12restTerm   0.000830366 +0.999994 -1.00001  1.68922e-05   -2.45764e-05  1.68924e-05   -2.45758e-05 
gamma_stat_CR1b3lm_lep_2_pt_bin_0   0.00195327 +1.00293 -0.985086  -0.000791989   0.000900732  -0.000789759   0.00091154 
gamma_stat_CR1b3lm_lep_2_pt_bin_1   -0.012322 +0.975329 -0.943738  -5.29188e-05   3.84592e-05  -5.50101e-05   4.10494e-05 
ttZ_high_mll_syst_MUR05_MUF05   0.0143502 +0.996194 -0.99645  -0.00150861   0.00148282  -0.00151441   0.00148801 
ttZ_low_mll_syst_MUR1_MUF2   -0.00209492 +0.999998 -0.999998  4.91746e-07   -7.05203e-06  4.91521e-07   -7.0521e-06 
ttH_PS   0.105489 +0.993425 -0.991048  0.00265222   -0.00285959  0.00266975   -0.0028856 
ttH_Gen   0.0568358 +0.997955 -0.997595  -0.00056804   0.000568896  -0.00056922   0.000570251 
Diboson_4jets   -0.0658059 +0.653081 -0.612246  -0.000442473   0.000460965  -0.000569409   0.000737495 
Diboson_5jets   -0.369494 +0.585098 -0.609892  0.000614084   -0.000410272  0.000761836   -0.000364811 
gamma_stat_CR1bminus_nJets_bin_0   -0.0011327 +0.986732 -0.973124  -0.000240772   0.000223964  -0.000243875   0.000230492 
gamma_stat_CR1bminus_nJets_bin_1   -0.00350178 +0.984876 -0.970223  -0.00101261   0.000994819  -0.00102807   0.00102467 
gamma_stat_CR1bminus_nJets_bin_2   0.0111742 +0.989432 -0.971775  -0.000378566   0.00034256  -0.00038248   0.000352855 
gamma_stat_CR1bminus_nJets_bin_3   -0.000911691 +0.984409 -0.96076  0.000533524   -0.000529705  0.000541953   -0.000551489 
gamma_stat_CR1bminus_nJets_bin_4   -0.0147614 +0.976127 -0.937672  0.00137977   -0.00133853  0.00141351   -0.00142783 
gamma_stat_CR1bminus_nJets_bin_5   -0.0495497 +0.951454 -0.871279  0.0023209   -0.00216702  0.00243836   -0.00249087 
gamma_stat_CR1bminus_nJets_bin_6   -0.0799849 +0.912137 -0.758246  0.00835186   -0.00779158  0.00910384   -0.0104786 
JET_NNJvtEfficiency   -6.39027e-05 +0.999945 -0.999939  0.000560023   -0.0005636  0.000560053   -0.000563634 
FT_EFF_Eigen_Light_0__1   0.00385595 +0.99996 -1.00001  0.000894469   -0.000900936  0.000894502   -0.000900926 
FT_EFF_Eigen_Light_1__1   -0.00736537 +1.00011 -0.999873  7.31639e-05   -8.04465e-05  7.31563e-05   -8.04565e-05 
FT_EFF_Eigen_Light_2__1   0 +1 -1  -3.85497e-06   -3.85516e-06  -3.85489e-06   -3.85489e-06 
gamma_stat_CR1bplus_nJets_bin_0   6.73536e-06 +0.990813 -0.97926  -2.70148e-06   -4.33593e-07  -2.67402e-06   -3.82198e-07 
gamma_stat_CR1bplus_nJets_bin_1   -0.00304254 +0.987654 -0.974921  -0.0010099   0.000992685  -0.0010229   0.00101825 
gamma_stat_CR1bplus_nJets_bin_2   -0.00414619 +0.982545 -0.966986  0.000119785   -0.000122353  0.000121967   -0.000126518 
gamma_stat_CR1bplus_nJets_bin_3   0.00814767 +0.986302 -0.964135  0.00149428   -0.00146495  0.001515   -0.00151951 
gamma_stat_CR1bplus_nJets_bin_4   0.0529119 +1.00051 -0.958869  0.00340282   -0.00326142  0.0034011   -0.00340215 
gamma_stat_CR1bplus_nJets_bin_5   0.0685594 +0.974896 -0.875903  0.00722035   -0.00663823  0.00740326   -0.00759697 
gamma_stat_CR1bplus_nJets_bin_6   -0.232964 +0.798184 -0.630809  0.0171557   -0.0166041  0.0210456   -0.0280218 
gamma_stat_CRttW2l_minus_nJets_bin_0   0.00343808 +0.996047 -0.982234  0.000378271   -0.000322367  0.000379453   -0.000328167 
gamma_stat_CRttW2l_minus_nJets_bin_1   -0.00213101 +0.988802 -0.974789  -0.000746002   0.000739524  -0.000754416   0.000758911 
gamma_stat_CRttW2l_minus_nJets_bin_2   -0.00338779 +0.974258 -0.947969  0.000251475   -0.000247877  0.000259389   -0.000261498 
Diboson_syst_varRF   -0.0134257 +0.999937 -0.999899  3.40214e-05   -4.19844e-05  3.40236e-05   -4.19883e-05 
gamma_stat_CRttW2l_plus_nJets_bin_0   -8.38813e-05 +0.999558 -0.989557  0.000685238   -0.0006073  0.000685494   -0.000613756 
gamma_stat_CRttW2l_plus_nJets_bin_1   0.000890512 +0.993011 -0.981679  -0.000855008   0.000859755  -0.000861177   0.00087636 
gamma_stat_CRttW2l_plus_nJets_bin_2   -0.00903147 +0.975106 -0.950867  0.000958379   -0.000938684  0.000982845   -0.00098658 
gamma_stat_CRttbarCO2l_CO_1_bin_0   0.000453558 +1.00616 -0.991283  -0.000220621   0.000283395  -0.00021944   0.000285091 
gamma_stat_CRttbarCO2l_gstr_1_bin_0   0.00101277 +1.01351 -0.985903  0.000207141   -0.000243987  0.00020462   -0.000247648 
ttH_syst_varRF   -5.23231e-05 +0.99464 -0.994918  -0.00243979   0.002473  -0.00245316   0.00248691 
gamma_stat_SR2b2l_HT_all_bin_0   5.6558e-06 +0.986338 -0.97564  0.00253217   -0.00246877  0.002567   -0.00253194 
gamma_stat_SR2b2l_HT_all_bin_1   5.49771e-06 +0.99359 -0.982968  0.00265979   -0.00259023  0.00267684   -0.00263602 
gamma_stat_SR2b2l_HT_all_bin_2   4.75167e-06 +0.997022 -0.98616  0.00208237   -0.00207578  0.00208854   -0.00210503 
gamma_stat_SR2b2l_HT_all_bin_3   2.09508e-06 +1.00101 -0.991289  0.000607829   -0.000622021  0.000607226   -0.000627581 
MUON_EFF_ISO_SYS   2.19222e-07 +1 -1  -1.08638e-06   -6.65102e-06  -1.0864e-06   -6.65045e-06 
FT_EFF_Eigen_B_0__1   -3.00439e-07 +1 -1  -6.99238e-06   -5.75074e-07  -6.99248e-06   -5.75064e-07 
FT_EFF_Eigen_B_1__1   -1.87171e-07 +1 -1  -5.83231e-06   -1.82167e-06  -5.83216e-06   -1.82216e-06 
FT_EFF_Eigen_B_3__1   -8.465e-06 +0.999999 -0.999997  -0.000107651   0.000100537  -0.000107651   0.000100538 
FT_EFF_Eigen_B_4__1   1.60109e-07 +1 -1  -2.11839e-06   -5.55095e-06  -2.1183e-06   -5.55091e-06 
FT_EFF_Eigen_B_6__1   6.33408e-06 +1 -1  7.4499e-05   -8.20017e-05  7.44989e-05   -8.20011e-05 
FT_EFF_Eigen_B_7__1   -9.88794e-06 +1 -0.999999  -0.000125724   0.000118484  -0.000125723   0.000118485 
ttW_syst_varRF   1.36429e-05 +0.999988 -0.99999  0.000167608   -0.000174028  0.00016761   -0.00017403 
gamma_stat_SR2b3l4l_HT_all_bin_0   2.93107e-07 +1.00236 -0.977937  -0.000207765   0.000200318  -0.000207285   0.000204919 
gamma_stat_SR2b3l4l_HT_all_bin_1   3.43391e-07 +1.00456 -0.982329  -0.000200066   0.000190396  -0.000199168   0.000193858 
gamma_stat_SR2b3l4l_HT_all_bin_2   -1.76684e-06 +1.00378 -0.988285  -0.00126287   0.00124912  -0.00125815   0.00126389 
Other_truthgbb_3b   -0.000329483 +0.998984 -0.998996  -0.00456669   0.00463944  -0.00457172   0.00464367 
ttZ_truthgbb_3b   -0.000226009 +0.996883 -0.996738  -0.00271873   0.0028473  -0.00272765   0.0028562 
ttW_truthgbb_3b   -0.000876881 +0.997822 -0.997817  -0.0141235   0.0145718  -0.0141561   0.0145969 
gamma_stat_SR3b2l_HT_all_bin_0   7.0096e-07 +0.988979 -0.966518  0.000759179   -0.00073038  0.000767729   -0.000755421 
gamma_stat_SR3b2l_HT_all_bin_1   -1.12564e-06 +0.999597 -0.98029  -0.000616011   0.000615133  -0.000616255   0.000627639 
gamma_stat_SR3b2l_HT_all_bin_2   -2.45691e-06 +1.00229 -0.986503  -0.00209809   0.0020975  -0.00209331   0.00212621 
gamma_stat_SR3b2l_HT_all_bin_3   -4.4069e-06 +1.0043 -0.990907  -0.00415043   0.00416625  -0.0041326   0.00420451 
ttH_truthgbb_3b   -0.000377305 +0.997186 -0.99709  -0.00490357   0.00504275  -0.00491823   0.00505699 
MUON_CB   -5.34911e-06 +1 -1  -7.17753e-05   6.41375e-05  -7.17751e-05   6.4137e-05 
JET_EffectiveNP_Detector1   -2.59597e-06 +1 -1  -3.44814e-05   2.67962e-05  -3.44816e-05   2.6796e-05 
JET_EffectiveNP_Mixed2   2.59597e-06 +1 -1  2.67964e-05   -3.44819e-05  2.6796e-05   -3.44816e-05 
JET_EffectiveNP_Mixed3   -2.59597e-06 +1 -1  -3.44814e-05   2.67964e-05  -3.44816e-05   2.6796e-05 
JET_EffectiveNP_Modelling2   2.59597e-06 +1 -1  2.67962e-05   -3.44819e-05  2.6796e-05   -3.44814e-05 
JET_EffectiveNP_Modelling3   -2.59597e-06 +1 -1  -3.44814e-05   2.67963e-05  -3.44814e-05   2.6796e-05 
JET_EffectiveNP_Statistical2   2.55036e-06 +1 -1  2.62589e-05   -3.39449e-05  2.6259e-05   -3.39451e-05 
JET_EffectiveNP_Statistical5   -2.59597e-06 +1 -1  -3.44817e-05   2.67963e-05  -3.44814e-05   2.6796e-05 
gamma_stat_SR3b3l4l_HT_all_bin_0   -2.41597e-06 +1.00719 -0.978834  -0.00070209   0.000693304  -0.00069714   0.000708277 
gamma_stat_SR3b3l4l_HT_all_bin_1   -6.00007e-06 +1.00722 -0.989358  -0.00332263   0.00330912  -0.00329866   0.00334472 
ttt_truthgbb_4b   -0.000208738 +0.999638 -0.99964  -0.00290263   0.00291003  -0.00290383   0.00291089 
Other_truthgbb_4b   -0.000393691 +0.999179 -0.999206  -0.00563369   0.00566653  -0.00563895   0.00567023 
ttZ_truthgbb_4b   -0.000334233 +0.998463 -0.998439  -0.00455519   0.00457302  -0.00456291   0.00457941 
ttH_truthgbb_4b   -0.000272158 +0.99847 -0.998446  -0.00372094   0.00373688  -0.00372711   0.00374219 
ttW_truthgbb_4b   -0.000919036 +0.995255 -0.995561  -0.0143204   0.0146255  -0.0143963   0.0146826 
gamma_stat_SR4b_HT_all_bin_0   2.47e-06 +1.00402 -0.984149  0.00033762   -0.000250168  0.000336364   -0.000256287 
gamma_stat_SR4b_HT_all_bin_1   -3.1233e-06 +1.0033 -0.996221  -0.00462779   0.00469692  -0.00461258   0.00471464 
