 |       | t#bar{t}t#bar{t}      | t#bar{t}t      | t#bar{t}VV      | t#bar{t}VV      | ttZ_high      | ttZ_low      | t#bar{t}H      | QmisID      | Mat.Conv.      | Low m_{#gamma^{*}}      | HF e      | HF#mu      | light      | Other fake      | singleTop      | singleTop      | Diboson      | triboson      | vh      | t#bar{t}W^{+}      | t#bar{t}W^{+}      | t#bar{t}W^{+}      | t#bar{t}W^{+}      | t#bar{t}W^{+}      | t#bar{t}W^{+}      | t#bar{t}W^{+}      | t#bar{t}W^{+}      | t#bar{t}W^{-}      | t#bar{t}W^{-}      | t#bar{t}W^{-}      | t#bar{t}W^{-}      | t#bar{t}W^{-}      | t#bar{t}W^{-}      | t#bar{t}W^{-}      | t#bar{t}W^{-}      | t#bar{t}Z' |
 | Diboson_syst_varRF | 0 | 0 | 0 | 0 | 0 | 0 | 0 | 0 | 0 | 0 | 0 | 0 | 0 | 0 | 0 | 0 | 0 | 0 | 0 | 0 | 0 | -999 | -999 | -999 | -999 | -999 | -999 | 0 | 0 | -999 | -999 | -999 | -999 | -999 | -999 | 0 |
 | Jet uncertainties | -0.378 | -0.267 | -0.259 | -0.424 | -0.145 | -0.287 | -0.173 | 0 | 0.0699 | -0.231 | -0.0702 | 0 | 1.46 | -0.472 | 0 | 0 | 0.127 | 0.254 | -0.996 | -0.0614 | -0.54 | -999 | -999 | -999 | -999 | -999 | -999 | -0.0649 | -0.171 | -999 | -999 | -999 | -999 | -999 | -999 | -0.806 |
 | Non-prompt lepton modeling | 0 | 0 | 0 | 0 | 0 | 0 | 0 | 0 | 0.187 | 0.102 | 0 | 0 | 0 | 0 | 0 | 0 | 0 | 0 | 0 | 0 | 0 | -999 | -999 | -999 | -999 | -999 | -999 | 0 | 0 | -999 | -999 | -999 | -999 | -999 | -999 | 0 |
 | Other bkg modeling | 0 | 0 | 0.5 | 0.5 | 0 | 0 | 0 | 0 | 0 | 0 | 0 | 0 | 0 | 0 | 0.3 | 0.3 | 0.0656 | 0 | 0.5 | 0 | 0 | -999 | -999 | -999 | -999 | -999 | -999 | 0 | 0 | -999 | -999 | -999 | -999 | -999 | -999 | 0 |
 | Other instrumental uncertainty | -0.0112 | 0.0409 | 0.0567 | 0.0376 | 0.0422 | 0.0206 | 0.0423 | 0 | -0.0715 | -0.00186 | 0.00136 | 0.0498 | -0.0563 | 0.0609 | 0.0449 | 0.064 | 0.0447 | 0.0362 | -0.164 | 0.0372 | 0.0403 | -999 | -999 | -999 | -999 | -999 | -999 | 0.0371 | -0.0709 | -999 | -999 | -999 | -999 | -999 | -999 | -0.027 |
 | SM 4top modeling | 1.77 | 0 | 0 | 0 | 0 | 0 | 0 | 0 | 0 | 0 | 0 | 0 | 0 | 0 | 0 | 0 | 0 | 0 | 0 | 0 | 0 | -999 | -999 | -999 | -999 | -999 | -999 | 0 | 0 | -999 | -999 | -999 | -999 | -999 | -999 | 0 |
 | b-tagging B-jets uncertainties | 0.0503 | -0.0286 | -0.00126 | -0.0184 | -0.027 | -0.0365 | -0.0285 | 0 | -0.0286 | -0.0233 | 0 | 0 | 0.0483 | 0.0447 | 0 | 0 | 0 | 0 | 0 | -0.0292 | -0.0151 | -999 | -999 | -999 | -999 | -999 | -999 | -0.0242 | -0.0205 | -999 | -999 | -999 | -999 | -999 | -999 | 0 |
 | b-tagging C-jets uncertainties | 0 | 0 | 0 | 0 | 0 | 0 | 0 | 0 | 0 | 0 | 0 | 0 | 0 | 0 | 0 | 0 | 0.0228 | 0 | 0.145 | 0 | 0 | -999 | -999 | -999 | -999 | -999 | -999 | 0 | 0 | -999 | -999 | -999 | -999 | -999 | -999 | 0 |
 | b-tagging Light-jets uncertainties | 0 | 0 | 0 | 0 | 0 | 0 | 0 | 0 | 0 | 0 | 0 | 0 | 0 | 0 | 0 | 0 | -0.0258 | -0.0296 | 0 | 0 | 0 | -999 | -999 | -999 | -999 | -999 | -999 | 0 | 0 | -999 | -999 | -999 | -999 | -999 | -999 | 0 |
 | ttH modeling | 0 | 0 | 0 | 0 | 0 | 0 | 0.1 | 0 | 0 | 0 | 0 | 0 | 0 | 0 | 0 | 0 | 0 | 0 | 0 | 0 | 0 | -999 | -999 | -999 | -999 | -999 | -999 | 0 | 0 | -999 | -999 | -999 | -999 | -999 | -999 | 0 |
 | ttH_syst_varRF | 0 | 0 | 0 | 0 | 0 | 0 | 0 | 0 | 0 | 0 | 0 | 0 | 0 | 0 | 0 | 0 | 0 | 0 | 0 | 0 | 0 | -999 | -999 | -999 | -999 | -999 | -999 | 0 | 0 | -999 | -999 | -999 | -999 | -999 | -999 | 0 |
 | ttHmodeling | 0 | 0 | 0 | 0 | 0 | 0 | -0.0358 | 0 | 0 | 0 | 0 | 0 | 0 | 0 | 0 | 0 | 0 | 0 | 0 | 0 | 0 | -999 | -999 | -999 | -999 | -999 | -999 | 0 | 0 | -999 | -999 | -999 | -999 | -999 | -999 | 0 |
 | ttW_syst_varRF | 0 | 0 | 0 | 0 | 0 | 0 | 0 | 0 | 0 | 0 | 0 | 0 | 0 | 0 | 0 | 0 | 0 | 0 | 0 | 0 | -2.22e-16 | -999 | -999 | -999 | -999 | -999 | -999 | 0 | -2.22e-16 | -999 | -999 | -999 | -999 | -999 | -999 | 0 |
 | ttWmodeling | 0 | 0 | 0 | 0 | 0 | 0 | 0 | 0 | 0 | 0 | 0 | 0 | 0 | 0 | 0 | 0 | 0 | 0 | 0 | 0 | 0 | -999 | -999 | -999 | -999 | -999 | -999 | 0 | 0 | -999 | -999 | -999 | -999 | -999 | -999 | 0 |
 | ttZ modeling | 0 | 0 | 0 | 0 | -0.303 | -0.3 | 0 | 0 | 0 | 0 | 0 | 0 | 0 | 0 | 0 | 0 | 0 | 0 | 0 | 0 | 0 | -999 | -999 | -999 | -999 | -999 | -999 | 0 | 0 | -999 | -999 | -999 | -999 | -999 | -999 | 0 |
 | ttZ_syst_varRF | 0 | 0 | 0 | 0 | 0 | -2.22e-16 | 0 | 0 | 0 | 0 | 0 | 0 | 0 | 0 | 0 | 0 | 0 | 0 | 0 | 0 | 0 | -999 | -999 | -999 | -999 | -999 | -999 | 0 | 0 | -999 | -999 | -999 | -999 | -999 | -999 | 0 |
 | ttZmodeling | 0 | 0 | 0 | 0 | 0 | 0 | 0 | 0 | 0 | 0 | 0 | 0 | 0 | 0 | 0 | 0 | 0 | 0 | 0 | 0 | 0 | -999 | -999 | -999 | -999 | -999 | -999 | 0 | 0 | -999 | -999 | -999 | -999 | -999 | -999 | 0 |
 | ttZp_syst_varRF | 0 | 0 | 0 | 0 | 0 | 0 | 0 | 0 | 0 | 0 | 0 | 0 | 0 | 0 | 0 | 0 | 0 | 0 | 0 | 0 | 0 | -999 | -999 | -999 | -999 | -999 | -999 | 0 | 0 | -999 | -999 | -999 | -999 | -999 | -999 | 0 |
 | ttt modeling | 0.2 | 0.3 | 0 | 0 | 0 | 0 | 0 | 0 | 0 | 0 | 0 | 0 | 0 | 0 | 0 | 0 | 0 | 0 | 0 | 0 | 0 | -999 | -999 | -999 | -999 | -999 | -999 | 0 | 0 | -999 | -999 | -999 | -999 | -999 | -999 | 0 |
 | ttt_syst_varRF | 0 | 0 | 0 | 0 | 0 | 0 | 0 | 0 | 0 | 0 | 0 | 0 | 0 | 0 | 0 | 0 | 0 | 0 | 0 | 0 | 0 | -999 | -999 | -999 | -999 | -999 | -999 | 0 | 0 | -999 | -999 | -999 | -999 | -999 | -999 | 0 |
 | tttt_syst_varRF | 0 | 0 | 0 | 0 | 0 | 0 | 0 | 0 | 0 | 0 | 0 | 0 | 0 | 0 | 0 | 0 | 0 | 0 | 0 | 0 | 0 | -999 | -999 | -999 | -999 | -999 | -999 | 0 | 0 | -999 | -999 | -999 | -999 | -999 | -999 | 0 |
