 |       | t#bar{t}t#bar{t}      | t#bar{t}t      | t#bar{t}VV      | t#bar{t}VV      | ttZ_high      | ttZ_low      | t#bar{t}H      | QmisID      | Mat.Conv.      | Low m_{#gamma^{*}}      | HF e      | HF#mu      | light      | Other fake      | singleTop      | singleTop      | Diboson      | triboson      | vh      | t#bar{t}W^{+}      | t#bar{t}W^{+}      | t#bar{t}W^{+}      | t#bar{t}W^{+}      | t#bar{t}W^{+}      | t#bar{t}W^{-}      | t#bar{t}W^{-}      | t#bar{t}W^{-}      | t#bar{t}W^{-}      | t#bar{t}W^{-}      | t#bar{t}Z' |
 | Diboson_syst_varRF | 0 | 0 | 0 | 0 | 0 | 0 | 0 | 0 | 0 | 0 | 0 | 0 | 0 | 0 | 0 | 0 | 0 | 0 | 0 | -999 | -999 | -999 | -999 | -999 | -999 | -999 | -999 | -999 | -999 | 0 |
 | Jet uncertainties | 2.22e-16 | 2.22e-16 | 0.0215 | 2.22e-16 | 0.0748 | 0.0511 | 0.104 | 0 | 0.0509 | 0.0271 | 0.164 | 0.238 | 0.0139 | 0.287 | 0.0769 | 0.0555 | 0.245 | 0.155 | 0 | -999 | -999 | -999 | -999 | -999 | -999 | -999 | -999 | -999 | -999 | 0 |
 | Non-prompt lepton modeling | 0 | 0 | 0 | 0 | 0 | 0 | 0 | 0 | 2.22e-16 | 0 | 0 | 0 | 0 | 0 | 0 | 0 | 0 | 0 | 0 | -999 | -999 | -999 | -999 | -999 | -999 | -999 | -999 | -999 | -999 | 0 |
 | Other bkg modeling | 0 | 0 | 0.5 | 0.712 | 0 | 0 | 0 | 0 | 0 | 0 | 0 | 0 | 0 | 0 | 0.327 | 0.336 | 1.03 | 0 | 0.5 | -999 | -999 | -999 | -999 | -999 | -999 | -999 | -999 | -999 | -999 | 0 |
 | Other instrumental uncertainty | 0 | 0 | 0 | 0 | 0 | 2.22e-16 | 0 | 0 | 0 | 0 | 0 | 0.0315 | 0 | 0 | 0.0212 | 0 | 0.0216 | 0.0225 | 0 | -999 | -999 | -999 | -999 | -999 | -999 | -999 | -999 | -999 | -999 | 0.0213 |
 | SM 4top modeling | 0.349 | 0 | 0 | 0 | 0 | 0 | 0 | 0 | 0 | 0 | 0 | 0 | 0 | 0 | 0 | 0 | 0 | 0 | 0 | -999 | -999 | -999 | -999 | -999 | -999 | -999 | -999 | -999 | -999 | 0 |
 | b-tagging B-jets uncertainties | 0.00914 | -0.00838 | 0 | -0.0215 | 0 | 0 | 0 | 0 | 0 | 0 | -0.0255 | 0 | 0 | 0 | 0 | 0 | 0 | 0 | 0 | -999 | -999 | -999 | -999 | -999 | -999 | -999 | -999 | -999 | -999 | 0.00838 |
 | b-tagging C-jets uncertainties | 0 | 0 | 0 | 0 | 0 | 0 | 0 | 0 | 0 | 0 | 0 | 0 | 0 | 0 | 0 | 0 | 0 | 0 | 0 | -999 | -999 | -999 | -999 | -999 | -999 | -999 | -999 | -999 | -999 | 0 |
 | b-tagging Light-jets uncertainties | 0 | 0 | 0 | 0 | 0 | 0 | 0 | 0 | 0 | 0 | -0.0224 | -0.0201 | 0 | 0 | 0 | 0 | -0.0507 | -0.0447 | 0 | -999 | -999 | -999 | -999 | -999 | -999 | -999 | -999 | -999 | -999 | 0 |
 | ttH modeling | 0 | 0 | 0 | 0 | 0 | 0 | 0.1 | 0 | 0 | 0 | 0 | 0 | 0 | 0 | 0 | 0 | 0 | 0 | 0 | -999 | -999 | -999 | -999 | -999 | -999 | -999 | -999 | -999 | -999 | 0 |
 | ttH_syst_varRF | 0 | 0 | 0 | 0 | 0 | 0 | -2.22e-16 | 0 | 0 | 0 | 0 | 0 | 0 | 0 | 0 | 0 | 0 | 0 | 0 | -999 | -999 | -999 | -999 | -999 | -999 | -999 | -999 | -999 | -999 | 0 |
 | ttHmodeling | 0 | 0 | 0 | 0 | 0 | 0 | 0.066 | 0 | 0 | 0 | 0 | 0 | 0 | 0 | 0 | 0 | 0 | 0 | 0 | -999 | -999 | -999 | -999 | -999 | -999 | -999 | -999 | -999 | -999 | 0 |
 | ttW_syst_varRF | 0 | 0 | 0 | 0 | 0 | 0 | 0 | 0 | 0 | 0 | 0 | 0 | 0 | 0 | 0 | 0 | 0 | 0 | 0 | -999 | -999 | -999 | -999 | -999 | -999 | -999 | -999 | -999 | -999 | 0 |
 | ttWmodeling | 0 | 0 | 0 | 0 | 0 | 0 | 0 | 0 | 0 | 0 | 0 | 0 | 0 | 0 | 0 | 0 | 0 | 0 | 0 | -999 | -999 | -999 | -999 | -999 | -999 | -999 | -999 | -999 | -999 | 0 |
 | ttZ modeling | 0 | 0 | 0 | 0 | -0.131 | -0.13 | 0 | 0 | 0 | 0 | 0 | 0 | 0 | 0 | 0 | 0 | 0 | 0 | 0 | -999 | -999 | -999 | -999 | -999 | -999 | -999 | -999 | -999 | -999 | 0 |
 | ttZ_syst_varRF | 0 | 0 | 0 | 0 | -5.55e-16 | 2.22e-16 | 0 | 0 | 0 | 0 | 0 | 0 | 0 | 0 | 0 | 0 | 0 | 0 | 0 | -999 | -999 | -999 | -999 | -999 | -999 | -999 | -999 | -999 | -999 | 0 |
 | ttZmodeling | 0 | 0 | 0 | 0 | -3.33e-16 | 4.44e-16 | 0 | 0 | 0 | 0 | 0 | 0 | 0 | 0 | 0 | 0 | 0 | 0 | 0 | -999 | -999 | -999 | -999 | -999 | -999 | -999 | -999 | -999 | -999 | 0 |
 | ttZp_syst_varRF | 0 | 0 | 0 | 0 | 0 | 0 | 0 | 0 | 0 | 0 | 0 | 0 | 0 | 0 | 0 | 0 | 0 | 0 | 0 | -999 | -999 | -999 | -999 | -999 | -999 | -999 | -999 | -999 | -999 | 0 |
 | ttt modeling | 0.2 | 0.38 | 0 | 0 | 0 | 0 | 0 | 0 | 0 | 0 | 0 | 0 | 0 | 0 | 0 | 0 | 0 | 0 | 0 | -999 | -999 | -999 | -999 | -999 | -999 | -999 | -999 | -999 | -999 | 0 |
 | ttt_syst_varRF | 2.22e-16 | 0 | 0 | 0 | 0 | 0 | 0 | 0 | 0 | 0 | 0 | 0 | 0 | 0 | 0 | 0 | 0 | 0 | 0 | -999 | -999 | -999 | -999 | -999 | -999 | -999 | -999 | -999 | -999 | 0 |
 | tttt_syst_varRF | 2.22e-16 | 0 | 0 | 0 | 0 | 0 | 0 | 0 | 0 | 0 | 0 | 0 | 0 | 0 | 0 | 0 | 0 | 0 | 0 | -999 | -999 | -999 | -999 | -999 | -999 | -999 | -999 | -999 | -999 | 0 |
