tttt_Xsec   -0.0951075 +0.98016 -0.974075  1.88334   0.292098  1.87113   0.295217 
tttt_syst_PS   -0.00243059 +0.996645 -0.997575  0.0109404   0.000253982  0.0109791   0.000266797 
JET_EtaIntercalibration_Modelling   -0.000257925 +1.01329 -1.00968  -0.00359531   0.00502093  -0.00307993   0.00496448 
JET_InSitu_NonClosure_PreRec   0.630402 +0.903477 -1.43786  -0.0974648   0.0728098  -0.107475   0.0778469 
JET_JERUnc_Noise_PreRec   -0.748192 +1.24825 -0.867686  0.0255166   -0.0168648  0.0280068   -0.0223851 
JET_JERUnc_Noise_PreRec_PseudoData   -0.0745985 +0.880026 -0.931146  -0.0446939   -0.00236894  -0.0537841   -0.0012158 
JET_JER_EffectiveNP_1   0.631105 +0.911118 -1.44117  -0.0673025   0.0478713  -0.0719047   0.0530681 
JET_JER_EffectiveNP_1_PseudoData   -0.0160084 +1.00374 -0.997795  -0.00141909   -0.00638937  -0.00144648   -0.00642701 
JET_JER_EffectiveNP_2_PseudoData   0.0569044 +0.913079 -0.853922  -0.00592014   -0.0172831  -0.00816704   -0.0196953 
JET_JER_EffectiveNP_3   -0.637852 +1.44051 -0.912881  0.0429568   -0.0575618  0.0471762   -0.0584274 
JET_JER_EffectiveNP_3_PseudoData   0.0391922 +0.99442 -1.00004  -0.00748619   -0.00516717  -0.00758182   -0.00517108 
JET_JER_EffectiveNP_4   -0.745863 +1.26517 -0.873793  0.0429577   -0.0353844  0.0443792   -0.0384304 
JET_JER_EffectiveNP_4_PseudoData   -0.0484711 +0.869919 -0.921622  -0.00244466   -0.00411487  -0.00343077   -0.00317325 
JET_JER_EffectiveNP_5   0.00473722 +1.0055 -1.00516  -0.00600444   -0.000719613  -0.00594694   -0.000705489 
JET_JER_EffectiveNP_5_PseudoData   0.00861965 +1.00478 -1.00126  0.00141383   -0.0273262  0.00143945   -0.0271902 
JET_JER_EffectiveNP_6   -0.0021418 +1.00564 -1.00613  -0.00399632   -0.00324215  -0.00402768   -0.00319129 
JET_JER_EffectiveNP_6_PseudoData   0.00842475 +0.999998 -1.0072  -0.025458   0.000510395  -0.0254581   0.000502513 
JET_JER_EffectiveNP_7_PseudoData   0.000920485 +1.00491 -1.00033  -0.000989977   -0.0261333  -0.000976985   -0.0261232 
JET_JER_EffectiveNP_8   0.633017 +0.912331 -1.43775  -0.0530046   0.0359815  -0.0579238   0.0430012 
JET_JER_EffectiveNP_9   0.00957514 +1.00689 -1.00702  -0.00350495   0.000545259  -0.00342522   0.000530331 
JET_JER_EffectiveNP_9_PseudoData   -0.00939771 +1.00993 -1.00501  -0.00352076   -0.021061  -0.00348927   -0.0209233 
JET_JER_EffectiveNP_10   0.00271367 +1.00314 -1.00284  -0.000464818   -0.000291034  -0.000475054   -0.000289071 
JET_JER_EffectiveNP_10_PseudoData   -0.000643774 +1.002 -1.00588  0.00167678   0.000824237  0.00168359   0.00082609 
JET_JER_EffectiveNP_11   0.00309189 +1.00326 -1.00294  -0.000915769   0.00156181  -0.000911391   0.00156081 
JET_JER_EffectiveNP_11_PseudoData   -0.00728713 +1.0002 -0.996544  -0.00263232   -0.0226361  -0.00263112   -0.0227242 
JET_JER_EffectiveNP_12restTerm_PseudoData   -0.00902023 +1.00899 -1.00405  0.000298452   -0.0202137  -6.68764e-05   -0.0201409 
JET_Pileup_OffsetNPV   0.00302068 +1.01717 -1.01148  -0.0135055   0.00502845  -0.0133931   0.00537141 
JET_Pileup_PtTerm   0.00152241 +1.01423 -1.01481  -0.00631108   -0.00188158  -0.00422356   -0.0018685 
JET_Pileup_RhoTopology   0.66399 +0.904295 -1.45038  -0.0836893   0.0704472  -0.0920359   0.0737977 
JET_RelativeNonClosure_AF3   -0.000135863 +1.00086 -1.00087  0.000640035   -0.000508901  0.000640659   -0.000513771 
tttt_Gen   -0.0220088 +0.979217 -0.977741  -0.0497779   -0.000302878  -0.0497595   -0.000264164 
JET_EffectiveNP_Modelling1   0.000804707 +1.01735 -1.0147  -0.00980203   0.00784539  -0.00956173   0.0077344 
JET_EtaIntercalibration_NonClosure_PreRec   0.0132027 +1.01544 -1.01189  -0.00535775   0.00650029  -0.00525137   0.00640691 
JET_Flavor_Response   -0.00446515 +1.00739 -1.01096  0.0061984   -0.00355478  0.00638314   -0.00350445 
JET_JER_EffectiveNP_7   -0.00268684 +1.00301 -1.00328  0.000781447   -0.000325948  0.000771756   -0.000306754 
JET_JESUnc_Noise_PreRec   0.00202901 +1.01584 -1.01127  -0.00953982   0.00992993  -0.00928446   0.00937698 
JET_JESUnc_VertexingAlg_PreRec   0.692106 +0.91259 -1.36631  -0.0497781   2.17316  -0.054012   2.17681 
PRW_DATASF   0.0129325 +0.996716 -0.996914  -0.012464   0.00741648  -0.012714   0.00767887 
FT_EFF_Eigen_B_2__1   0.00340109 +0.999661 -0.9998  0.007446   -0.00698207  0.00744845   -0.00698356 
ttt_Xsec   -0.0146523 +0.999848 -0.999291  -0.0228717   0.0213712  -0.0228632   0.0213891 
JET_JER_DataVsMC_MC16   -0.00131399 +1.00132 -1.00185  0.000232774   0.00647053  0.000224447   0.00646749 
JET_JER_DataVsMC_MC16_PseudoData   0.0318733 +1.00274 -1.00293  -0.00357962   -0.00236444  -0.00356833   -0.00236255 
JET_JER_EffectiveNP_2   0.47103 +0.892237 -1.39317  -0.0101952   0.00462361  -0.00843757   0.00675134 
JET_JER_EffectiveNP_8_PseudoData   -0.566876 +1.43109 -0.917067  0.0477294   -0.0775928  0.0528074   -0.0875647 
ttWW_Xsec   -0.0972248 +1.00058 -0.98184  -0.0412055   0.040373  -0.0408047   0.0423486 
JET_EffectiveNP_Statistical2   0.000267259 +1.00027 -1.00022  0.000205508   0.000283923  0.000204736   0.0002832 
JET_EtaIntercalibration_TotalStat   0.00333846 +1.00361 -1.00323  -0.00103502   0.000578329  -0.00102338   0.000594117 
JET_Flavor_Composition_Bkg   0.00179004 +1.01469 -1.0139  -0.0319053   0.0144453  -0.0313449   0.0142897 
JET_JER_EffectiveNP_12restTerm   0.00782076 +1.00758 -1.0078  8.53015e-05   0.00022884  0.000102224   0.000175507 
JET_Pileup_OffsetMu   -0.00470666 +1.01631 -1.01151  -0.000508366   0.00706401  -0.000496901   0.00693697 
others_Xsec   -0.0974057 +1.01061 -0.991974  -0.0040967   -0.00022852  -0.00343083   0.0017039 
EG_RESOLUTION_ALL   0.000819471 +1.00753 -1.00634  0.000401878   -0.00318883  0.000392364   -0.00415458 
ttZ_Xsec   -0.0757657 +0.988106 -0.984495  -0.0434815   0.0417413  -0.0442754   0.0420462 
ttZ_Gen   0.541412 +0.753595 -1.34849  -0.120722   0.0777505  -0.153077   0.0860905 
JET_BJES_Response   -0.00394751 +1.00752 -1.00686  0.00071647   0.00399997  0.000706407   0.00395097 
ttH_Xsec   0.069806 +0.981188 -0.981002  0.0105184   -0.00856694  0.0107389   -0.00942832 
EG_SCALE_ALL   0.0104535 +1.00767 -1.01005  0.000205888   0.000440908  0.000198109   0.000540212 
JET_EffectiveNP_Detector1   -0.000240582 +1.00025 -1.0003  0.000233605   0.000205035  0.000229479   0.000204301 
JET_EffectiveNP_Mixed1   -0.000283256 +1.00029 -1.00034  0.00023371   -0.000169541  0.000228816   -0.000170573 
JET_EffectiveNP_Mixed2   0.000240582 +1.0003 -1.00025  0.000205037   0.00023361  0.000204299   0.000229461 
MUON_CB   -0.00530107 +1.00598 -1.00714  7.69279e-06   -0.00242144  -1.88057e-06   -0.00239855 
singleTop_Xsec   -0.187089 +1.00385 -0.974165  -0.041151   0.0385198  -0.0409942   0.0394793 
VV_truthgbb_3b   -0.102343 +0.791568 -0.889136  0.00540053   0.000462252  0.00849227   0.000474858 
VV_truthgbb_4b   -0.00741536 +0.990896 -0.992569  -0.0177052   0.000863542  -0.0178573   0.000867255 
Diboson_syst_varRF   -0.0194548 +0.992135 -0.991971  0.0137345   -0.0129087  0.0138428   -0.0130141 
gamma_stat_CR1b3le_lep_2_pt_bin_0   0.00179375 +0.999837 -0.975096  -0.000202106   0.000426928  -0.000190626   0.00246446 
gamma_stat_CR1b3le_lep_2_pt_bin_1   0.000655507 +0.981659 -0.9356  0.00244373   -0.000195236  0.00222078   -0.00078843 
NF_ttbar_CO   -0.0153087 +0.296029 -0.272738  -0.0258247   0.0280477  0   0 
NF_ttbar_gstr   -0.032304 +0.203751 -0.185723  0.0172821   -0.0140445  0   0 
NF_ttbar_HFe   -0.280856 +0.203607 -0.193322  -0.0154383   2.16984  0   0 
NF_ttbar_HFm   -0.100458 +0.141527 -0.135636  0.0632958   -0.0559468  0   0 
NF_ttW_4j_plus   0.224927 +0.163935 -0.164306  -0.0677614   0.0781882  0   0 
scaling_a   0.421285 +0.102727 -0.102468  1.97544   0.301144  0   0 
scaling_b   0.367395 +0.219165 -0.212753  0.147076   -0.120431  0   0 
NF_ttW_4j_minus   0.143722 +0.248849 -0.249058  -0.0761657   0.0918336  0   0 
tttt_syst_varRF   -0.000484917 +0.999987 -0.999924  -0.00221923   0.00264593  -0.00221925   0.00264791 
CO_ShapeSyst_simple   -0.0380012 +0.937429 -0.96121  -0.00278272   0.000689844  -0.00327939   0.000709398 
Gstr_ShapeSyst_simple   -0.00681156 +0.992202 -0.993174  -0.00166448   0.000167955  -0.0019097   0.000235426 
MUON_SAGITTA_GLOBAL   -0.00253215 +1.00255 -1.00266  0.000241637   -0.00109435  0.000226428   -0.000629372 
ttW_syst_varRF   -0.00247067 +0.999999 -0.999982  0.00358767   -0.00291466  0.00358768   -0.00291469 
JET_Flavor_Composition_Sig   -1.94799e-07 +1.00001 -1.00001  0.000230207   0.000234121  0.000230091   0.000234012 
JET_NNJvtEfficiency   -0.00711422 +1.00009 -1.00007  0.0110243   -0.0105297  0.0110229   -0.0105291 
gamma_stat_CR1b3lm_lep_2_pt_bin_0   0.00336476 +1.00262 -0.984046  -0.0147737   0.0139555  -0.0147234   0.0157907 
gamma_stat_CR1b3lm_lep_2_pt_bin_1   -0.0128092 +0.975935 -0.944256  -0.00145923   -0.00217331  -0.000803873   0.00205118 
ttH_PS   0.0747811 +1.03641 -1.07253  0.0855155   -0.00310287  0.0826048   -0.00318932 
ttH_Gen   -0.0358653 +0.954216 -0.963445  -0.0167767   3.4465e-05  -0.0189256   8.01461e-05 
ttH_syst_varRF   -0.0645228 +0.99445 -0.994503  -0.0398158   0.0415067  -0.0400357   0.0417395 
FT_EFF_Eigen_B_0__1   -0.00135246 +1 -0.999983  0.000603914   5.98507e-05  0.000603907   5.98837e-05 
FT_EFF_Eigen_B_1__1   -0.000843054 +1.00001 -0.999999  0.000561087   0.000139479  0.000561014   0.000139472 
FT_EFF_Eigen_B_3__1   -0.0016827 +0.99999 -0.99995  -0.00076458   0.00137054  -0.000764549   0.00137071 
Diboson_4jets   -0.0568342 +0.642768 -0.940728  -0.0122887   -0.000964337  -0.0123188   -0.000965875 
Diboson_5jets   -0.189464 +0.5172 -0.750826  0.00688169   0.00127429  0.0278206   0.00149029 
gamma_stat_CR1bminus_nJets_bin_0   -0.00110037 +0.981705 -0.968562  -0.00398861   0.00480692  -0.00407409   0.00394571 
gamma_stat_CR1bminus_nJets_bin_1   -0.00516465 +0.979193 -0.9659  -0.0108571   0.00874309  -0.00762206   0.00900304 
gamma_stat_CR1bminus_nJets_bin_2   0.0103481 +0.987211 -0.970188  -0.00482297   0.00262857  -0.00344961   0.00266073 
gamma_stat_CR1bminus_nJets_bin_3   -0.00148123 +0.983133 -0.959533  0.00601673   -0.00553761  0.00645987   -0.00578241 
gamma_stat_CR1bminus_nJets_bin_4   -0.015335 +0.974775 -0.936436  0.0132429   -0.0116667  0.0135228   -0.0124796 
gamma_stat_CR1bminus_nJets_bin_5   -0.0514808 +0.948037 -0.866865  0.0272153   -0.0234697  0.0287301   -0.0271314 
gamma_stat_CR1bminus_nJets_bin_6   -0.0748941 +0.907476 -0.749363  0.0815586   -0.0741736  0.0924676   -0.107859 
FT_EFF_Eigen_B_8__1   0 +1.00001 -1.00001  0.000234123   0.000234116  0.000233991   0.000233992 
FT_EFF_Eigen_B_10__1   0 +1.00001 -1.00001  0.00023412   0.000234113  0.000233994   0.000233991 
FT_EFF_Eigen_Light_0__1   0.00234054 +1.00006 -1.00007  0.00642324   -0.00626515  0.00642215   -0.00626483 
FT_EFF_Eigen_Light_1__1   -0.00946186 +1.00014 -0.999842  0.000791704   -0.000130308  0.000790661   -0.000129989 
JET_EffectiveNP_Modelling2   -4.25727e-05 +0.999972 -0.999966  0.000591116   0.000234079  0.00059133   0.000234612 
JET_EffectiveNP_Modelling3   4.25727e-05 +0.999966 -0.999972  0.000234122   0.000591096  0.000234621   0.000591349 
FT_EFF_Eigen_Light_2__1   0 +1.00001 -1.00001  0.000234124   0.00023412  0.000233997   0.000233997 
gamma_stat_CR1bplus_nJets_bin_0   -3.31889e-05 +0.983729 -0.972473  -0.00197094   0.00347782  -0.00200311   0.00364156 
gamma_stat_CR1bplus_nJets_bin_1   -0.00491756 +0.979662 -0.967587  -0.00727733   0.00815455  -0.00787399   0.00837194 
gamma_stat_CR1bplus_nJets_bin_2   -0.00530845 +0.979677 -0.964551  0.00259019   -0.0012064  0.00261084   -0.00234964 
gamma_stat_CR1bplus_nJets_bin_3   0.0075727 +0.985166 -0.962616  0.0181925   -0.0178756  0.0184875   -0.0185813 
gamma_stat_CR1bplus_nJets_bin_4   0.0553252 +1.00076 -0.958198  0.0376196   -0.0369801  0.0376256   -0.037319 
gamma_stat_CR1bplus_nJets_bin_5   0.0740278 +0.973765 -0.872831  0.0729412   -0.0665715  0.0749577   -0.07935 
gamma_stat_CR1bplus_nJets_bin_6   -0.219502 +0.797224 -0.625707  0.169452   -0.162581  0.204939   -0.278085 
FT_EFF_Eigen_C_3__1   0 +1.00001 -1.00001  0.000234116   0.00023416  0.000233992   0.00023399 
gamma_stat_CRttW2l_minus_nJets_bin_0   0.00337334 +0.99512 -0.982223  0.00638462   -0.00538561  0.00641195   -0.00546884 
gamma_stat_CRttW2l_minus_nJets_bin_1   -0.00216174 +0.988262 -0.97481  -0.00436019   0.00547094  -0.00525204   0.00567283 
gamma_stat_CRttW2l_minus_nJets_bin_2   -0.00277627 +0.974354 -0.947891  0.00132256   -0.00149733  0.00135533   -0.000214004 
gamma_stat_CRttW2l_plus_nJets_bin_0   0.000139538 +0.998553 -0.988217  0.00459705   -0.00253251  0.00459594   -0.00256058 
gamma_stat_CRttW2l_plus_nJets_bin_1   0.000940194 +0.992246 -0.98039  -0.00527997   0.00549063  -0.00532115   0.00565749 
gamma_stat_CRttW2l_plus_nJets_bin_2   -0.00794108 +0.975374 -0.95073  0.0064618   -0.00852316  0.00735784   -0.00881867 
gamma_stat_CRttbarCO2l_CO_1_bin_0   0.000181376 +1.00511 -0.991911  0.00310747   -0.0068132  0.00555764   -0.005305 
gamma_stat_CRttbarCO2l_gstr_1_bin_0   0.000766571 +1.0132 -0.986225  -0.00519168   0.00683517  -0.00513148   0.00696756 
gamma_stat_SR2b2l_HT_all_bin_0   0.000631821 +0.985797 -0.975066  0.0298323   -0.0318408  0.030243   -0.0326328 
gamma_stat_SR2b2l_HT_all_bin_1   0.00453382 +0.995514 -0.984514  0.0297411   -0.029438  0.0291501   -0.0286373 
gamma_stat_SR2b2l_HT_all_bin_2   -0.00111759 +0.996221 -0.984519  0.0187669   -0.0230737  0.018716   -0.0249009 
gamma_stat_SR2b2l_HT_all_bin_3   -0.00071817 +1.00055 -0.98956  -0.00358506   0.00300689  -0.00357772   0.00303268 
MUON_EFF_ISO_SYS   -0.00011122 +1.00001 -1.00001  0.000252653   0.000236629  0.000252609   0.00023657 
FT_EFF_Eigen_B_4__1   0.000721505 +1.00001 -1.00001  0.000152251   0.000608717  0.000152242   0.000608386 
FT_EFF_Eigen_B_6__1   0.000504216 +1.00001 -1.00002  0.0012184   -0.000783082  0.00121828   -0.000783341 
FT_EFF_Eigen_B_7__1   -0.000579898 +1.00002 -1.00002  -0.00138817   0.00176552  -0.00138822   0.00176536 
FT_EFF_Eigen_B_9__1   0 +1.00001 -1.00001  0.000234116   0.000234167  0.000233992   0.000233992 
JET_EffectiveNP_Mixed3   4.25727e-05 +0.999966 -0.999972  0.000234166   0.000591106  0.000234684   0.000591345 
JET_EffectiveNP_Statistical4   0 +1.00001 -1.00001  0.000234116   0.000234156  0.000233996   0.000233996 
JET_EffectiveNP_Statistical6   0 +1.00001 -1.00001  0.000234116   0.000234156  0.000233996   0.000233996 
gamma_stat_SR2b3l4l_HT_all_bin_0   0.00201109 +1.00319 -0.978517  -0.00310117   0.00610072  -0.00310197   0.00605161 
gamma_stat_SR2b3l4l_HT_all_bin_1   -0.00270473 +1.00329 -0.979921  -0.0044659   0.00559912  -0.00445086   0.00553141 
gamma_stat_SR2b3l4l_HT_all_bin_2   -0.00168251 +1.00303 -0.98544  -0.0239128   0.0241226  -0.0238744   0.0244873 
Other_truthgbb_3b   -0.00765057 +0.990158 -0.992328  -0.0437881   5.2162e-05  -0.0455862   0.000102072 
ttZ_high_mll_syst_MUR05_MUF05   -0.0363305 +0.999386 -0.999301  -0.030704   0.0315571  -0.0307224   0.0315792 
ttZ_truthgbb_3b   0.0019019 +0.999183 -1.00191  -0.0498911   0.00024844  -0.0499343   0.000225954 
ttW_truthgbb_3b   0.00237853 +1.00094 -1.00238  -0.105655   0.000547186  -0.105756   0.000434361 
gamma_stat_SR3b2l_HT_all_bin_0   0.00432396 +0.9898 -0.966811  0.00619488   -0.00484802  0.00557667   -0.00507157 
gamma_stat_SR3b2l_HT_all_bin_1   -0.00164413 +0.997583 -0.975606  -0.0167898   0.0183169  -0.0168199   0.0187242 
gamma_stat_SR3b2l_HT_all_bin_2   -0.00714277 +0.998049 -0.977656  -0.0392924   0.0403977  -0.0393711   0.0414854 
gamma_stat_SR3b2l_HT_all_bin_3   0.000887227 +1.00683 -0.985907  -0.108814   0.109104  -0.108124   0.110677 
ttH_truthgbb_3b   0.00501577 +1.00262 -1.00503  -0.0282833   0.000273701  -0.0281775   0.000181007 
MUON_SAGITTA_PTEXTRA   0 +1.00001 -1.00001  0.000234109   0.000234134  0.000233995   0.000233995 
JET_EffectiveNP_Statistical5   4.25727e-05 +0.999966 -0.999972  0.0002341   0.000591089  0.000234683   0.000591321 
gamma_stat_SR3b3l4l_HT_all_bin_0   -0.000449199 +1.0069 -0.973998  -0.0184701   0.0191996  -0.0183318   0.0197979 
gamma_stat_SR3b3l4l_HT_all_bin_1   0.00104027 +1.01111 -0.982542  -0.0755816   0.0775822  -0.0746845   0.078927 
ttt_truthgbb_4b   0.00291921 +1.00345 -1.00294  0.00612723   0.000231389  0.00611132   0.000207838 
Other_truthgbb_4b   0.0070126 +1.0085 -1.007  -0.00168175   0.000235524  -0.00230859   0.000148631 
ttZ_truthgbb_4b   0.00424009 +1.00473 -1.00425  0.0166488   0.000186605  0.0167014   0.000137597 
ttH_truthgbb_4b   0.00331372 +1.0036 -1.00333  0.0201358   0.0002032  0.0201789   0.000173238 
MUON_SCALE   -0.00253215 +1.00255 -1.00266  0.000241646   -0.00109436  0.000226412   -0.000629371 
ttW_truthgbb_4b   0.0168319 +1.01811 -1.01671  -0.00865739   0.000320684  -0.00842903   0.000162079 
gamma_stat_SR4b_HT_all_bin_0   -0.000587627 +1.00718 -0.981564  0.140228   -0.135235  0.138917   -0.137063 
gamma_stat_SR4b_HT_all_bin_1   0.000774008 +1.00511 -0.992466  -0.0464676   0.0487159  -0.0462256   0.0493725 
