tttt_Xsec   0.362123 +0.973792 -0.927128  -0.172957   0.160797  -0.178071   0.173638 
tttt_syst_PS   0.00755968 +0.998035 -0.997965  0.00179873   -0.00184209  0.00180229   -0.00184593 
JET_InSitu_NonClosure_PreRec   0.0385921 +1.00117 -1.00117  -0.00951102   0.00890701  -0.00949834   0.00889792 
JET_JERUnc_Noise_PreRec   -0.0129795 +0.99902 -1.00264  0.000328288   -0.000488992  0.000327771   -0.000485843 
JET_JERUnc_Noise_PreRec_PseudoData   -0.0707402 +1.00145 -0.997094  -0.0019575   0.00193388  -0.00195405   0.00193797 
JET_JER_EffectiveNP_1   0.0299778 +1.00048 -1.00191  -0.0024701   0.00198089  -0.00246852   0.00197859 
JET_JER_EffectiveNP_1_PseudoData   -0.00026118 +0.999865 -0.999682  -0.000618434   0.00061709  -0.000618563   0.000617189 
JET_JER_EffectiveNP_5   -0.0101639 +1.00049 -0.999564  -8.73297e-05   -6.94985e-06  -8.72168e-05   -6.98579e-06 
JET_JER_EffectiveNP_5_PseudoData   0.00760644 +0.999753 -0.999843  0.000797802   -0.000833762  0.000797957   -0.000833917 
JET_JER_EffectiveNP_6   -0.00212262 +1.00009 -0.99985  7.03033e-05   -0.000127366  7.03046e-05   -0.000127398 
JET_JER_EffectiveNP_6_PseudoData   -0.00805147 +0.999533 -0.999536  -0.00101529   0.000976281  -0.00101584   0.000976649 
JET_JER_EffectiveNP_8   0.0195249 +1.00131 -1.00169  -0.00236138   0.00183145  -0.00235716   0.00182963 
JET_JER_EffectiveNP_9   0.00347389 +0.999839 -1.00013  -0.000151416   9.70227e-05  -0.000151454   9.70218e-05 
JET_JER_EffectiveNP_9_PseudoData   0.00707708 +0.999756 -0.99984  0.000819407   -0.000855462  0.000819564   -0.000855624 
JET_JER_EffectiveNP_10   -0.00700914 +1.00032 -0.999719  -9.39524e-05   -2.17175e-06  -9.38771e-05   -2.19518e-06 
JET_Pileup_RhoTopology   0.0248211 +1.0012 -1.00133  -0.0065742   0.00597394  -0.00656489   0.00596731 
JET_RelativeNonClosure_AF3   6.20788e-07 +1.00001 -1.00001  -2.94332e-05   -2.93735e-05  -2.94321e-05   -2.93724e-05 
ttt_Xsec   0.0109676 +0.999581 -0.999698  -0.00952233   0.00897541  -0.0093926   0.00897764 
JET_JESUnc_VertexingAlg_PreRec   0.044114 +1.0017 -1.00155  -0.00451958   0.00390183  -0.00451017   0.00389706 
ttWW_Xsec   -0.0947705 +1.00077 -0.983311  -0.00778042   0.00599462  -0.00777189   0.00631821 
JET_JER_EffectiveNP_3   -0.0274561 +1.00095 -0.999433  0.00174927   -0.00199544  0.00174834   -0.00199696 
others_Xsec   0.0289248 +0.99902 -1.00048  -0.00964246   0.00812159  -0.0097268   0.00811866 
ttZ_Xsec   -0.075661 +0.986352 -0.983193  -0.00760629   0.00557386  -0.00766612   0.00638565 
ttZ_Gen   0.376482 +0.809016 -0.914961  -0.0202427   0.0219167  -0.0241751   0.0238971 
JET_JER_DataVsMC_MC16   -0.00523542 +1.00012 -0.99983  -0.000535736   0.000482881  -0.000535657   0.000482944 
JET_JER_EffectiveNP_2   0.0216394 +1.00306 -0.999563  -0.000143112   -0.000215437  -0.000140205   -0.000215897 
JET_JER_EffectiveNP_4   -0.0124912 +0.998429 -1.0024  -0.000443226   0.000329929  -0.000445202   0.000330736 
JET_Pileup_OffsetNPV   0.0150667 +0.999939 -1.00001  -0.00155169   0.00149051  -0.00155179   0.00149049 
ttZ_low_mll_syst_MUR05_MUF05   -0.000152166 +0.999986 -0.999956  -0.000101209   3.97718e-05  -0.000101209   3.97697e-05 
ttZ_low_mll_syst_MUR1_MUF05   0.00122254 +0.999995 -1  -3.23358e-05   -2.70677e-05  -3.23364e-05   -2.70671e-05 
ttH_Xsec   0.037013 +0.984907 -0.983553  0.001059   -0.00178339  0.00106857   -0.00187839 
JET_Flavor_Composition_Bkg   -0.000695894 +0.999576 -0.999268  -0.00354391   0.00354183  -0.00354552   0.00354421 
JET_Flavor_Response   -0.0117795 +0.999572 -0.999866  0.00158324   -0.00164734  0.00158384   -0.00164759 
EG_SCALE_ALL   0.00569756 +0.999245 -0.999269  -0.000196908   0.000112451  -0.000197118   0.000112455 
singleTop_Xsec   -0.200741 +1.00564 -0.973716  -0.00850322   0.00686716  -0.00845619   0.00686139 
VV_truthgbb_3b   -0.160688 +0.986484 -0.969535  -0.000301131   -0.00100395  -0.000287616   -0.00126255 
VV_truthgbb_4b   -0.0118633 +0.998804 -0.998119  -0.00280797   0.00145552  -0.00279003   0.00145866 
PRW_DATASF   -0.0128488 +1.00016 -0.999637  -0.000847911   0.000805978  -0.000847738   0.000806177 
JET_EffectiveNP_Modelling1   0.0146144 +0.99999 -1.00001  -0.00169458   0.00163063  -0.0016946   0.00163061 
JET_EtaIntercalibration_Modelling   0.0107546 +1.00003 -0.999913  -0.00156053   0.0015035  -0.00156048   0.00150361 
JET_EtaIntercalibration_NonClosure_PreRec   0.0210949 +0.999931 -0.999937  -0.00188755   0.00183645  -0.00188769   0.00183656 
JET_JESUnc_Noise_PreRec   0.0160949 +0.999954 -1.00004  -0.0016607   0.00159735  -0.00166079   0.00159729 
JET_JER_EffectiveNP_7_PseudoData   0.00910863 +0.999713 -0.999849  0.000869964   -0.000902822  0.000870165   -0.000902981 
JET_JER_EffectiveNP_8_PseudoData   -0.0121201 +1.00061 -0.999556  0.00292568   -0.0031211  0.00292437   -0.00312279 
JET_JER_EffectiveNP_10_PseudoData   -0.0020275 +0.999835 -0.999803  0.000586686   -0.000610639  0.000586746   -0.000610807 
JET_JER_EffectiveNP_11_PseudoData   -0.00132705 +0.999623 -0.999533  0.000358587   -0.000393026  0.000358648   -0.000393287 
JET_JER_EffectiveNP_12restTerm_PseudoData   0.00711206 +0.99976 -0.999841  0.000813845   -0.000849717  0.000813999   -0.000849876 
JET_Pileup_OffsetMu   0.0142643 +0.999959 -1.00004  -0.00154391   0.00147984  -0.00154398   0.00147979 
JET_Pileup_PtTerm   8.73314e-05 +0.999999 -1.00002  -0.00013995   8.12407e-05  -0.000139951   8.12409e-05 
FT_EFF_Eigen_B_2__1   0.00956451 +0.999705 -0.999999  0.000856171   -0.000910679  0.000856389   -0.00091068 
gamma_stat_CR1b3le_lep_2_pt_bin_0   0.00120535 +1.00542 -0.982412  -0.00132035   0.000571661  -0.00131448   0.000585948 
gamma_stat_CR1b3le_lep_2_pt_bin_1   -0.000355835 +0.980775 -0.935117  0.000101641   -0.000159552  0.000102394   -0.000177464 
NF_ttbar_CO   -0.0229014 +0.311482 -0.280266  -0.00116649   0.000380794  0   0 
NF_ttbar_gstr   -0.0257377 +0.204709 -0.186948  -0.00226818   0.0015582  0   0 
NF_ttbar_HFe   -0.310404 +0.224119 -0.212587  0.00244789   -0.0030828  0   0 
NF_ttbar_HFm   -0.0587947 +0.146062 -0.139208  0.00613811   -0.00736763  0   0 
NF_ttW_4j_plus   0.202176 +0.173511 -0.169959  -0.010881   0.0103781  0   0 
scaling_a   0.386667 +0.107853 -0.109051  -0.0491792   0.0529319  0   0 
scaling_b   0.434554 +0.244665 -0.234889  0.0244262   -0.0223436  0   0 
NF_ttW_4j_minus   0.101667 +0.256415 -0.251629  -0.00962364   0.0112748  0   0 
tttt_Gen   0.599013 +1.02878 -0.955492  -0.138927   0.122501  -0.134841   0.128616 
JET_JER_EffectiveNP_3_PseudoData   0.00328957 +0.999364 -0.999759  0.000193899   -0.000206374  0.000193844   -0.000206496 
tttt_syst_varRF   -0.00120442 +0.999978 -0.999902  -0.000567891   0.000512739  -0.000567906   0.000512782 
ttZ_low_mll_syst_MUR2_MUF2   0.00194602 +1.00066 -1.0007  7.30176e-05   -0.000118632  7.30267e-05   -0.000118485 
ttZ_low_mll_syst_MUR05_MUF1   -0.00854389 +1.00001 -0.999942  -0.000607293   0.000548645  -0.000607287   0.000548672 
ttZ_low_mll_syst_MUR2_MUF1   0.00310412 +1.00042 -1.00047  5.57113e-05   -0.000106337  5.57241e-05   -0.000106246 
CO_ShapeSyst_simple   -0.0674593 +0.988085 -0.990437  0.000110621   -0.000727124  0.000130891   -0.000732157 
Gstr_ShapeSyst_simple   -0.0254489 +0.999933 -0.999557  -0.000734614   -0.000512333  -0.000734883   -0.000512286 
JET_EtaIntercalibration_TotalStat   0.000566996 +0.999998 -1.00002  -9.24082e-05   3.36147e-05  -9.24084e-05   3.36158e-05 
JET_JER_DataVsMC_MC16_PseudoData   0.0033407 +0.999843 -1.00013  -7.15942e-05   1.76763e-05  -7.16189e-05   1.76856e-05 
JET_JER_EffectiveNP_2_PseudoData   0.0203517 +0.996552 -1.00433  -0.000745065   0.000790104  -0.000748761   0.00078798 
JET_JER_EffectiveNP_4_PseudoData   -0.017421 +1.00395 -0.996594  0.000416922   -0.000389952  0.000416262   -0.000392169 
JET_JER_EffectiveNP_7   -0.000418432 +1.00002 -0.999998  -5.65051e-05   -2.22799e-06  -5.65022e-05   -2.22804e-06 
JET_JER_EffectiveNP_11   -0.00286149 +1.00011 -0.999861  -8.27764e-05   2.81764e-05  -8.27573e-05   2.8169e-05 
JET_JER_EffectiveNP_12restTerm   0.000994816 +0.999996 -1.00002  -1.76341e-05   -4.11584e-05  -1.76347e-05   -4.11556e-05 
JET_BJES_Response   2.71766e-05 +1.00001 -1.00001  -2.76521e-05   -3.11545e-05  -2.7651e-05   -3.11539e-05 
gamma_stat_CR1b3lm_lep_2_pt_bin_0   0.00167574 +1.00229 -0.985496  -0.0024067   0.00190268  -0.00240144   0.00190547 
gamma_stat_CR1b3lm_lep_2_pt_bin_1   -0.0122678 +0.975278 -0.943934  -0.000300283   0.000210136  -0.000309172   0.000217291 
ttZ_high_mll_syst_MUR05_MUF05   -0.0905304 +0.99627 -0.996149  -0.00455044   0.00438274  -0.0045679   0.00439929 
ttZ_low_mll_syst_MUR1_MUF2   -0.00157059 +1.00014 -1.00013  -2.92933e-05   -2.70983e-05  -2.92773e-05   -2.70834e-05 
ttH_PS   0.138578 +0.992275 -0.989845  0.00591895   -0.00659486  0.00596449   -0.00666545 
ttH_Gen   0.0498924 +0.99806 -0.997591  -0.00123702   0.00115571  -0.00123966   0.00115834 
Diboson_4jets   -0.0572936 +0.659108 -0.615916  -0.00362545   0.00303657  -0.00482066   0.00456139 
Diboson_5jets   -0.43995 +0.575532 -0.620572  0.00316588   -0.00361482  0.00558077   -0.00493532 
gamma_stat_CR1bminus_nJets_bin_0   -0.00123185 +0.986474 -0.972986  -0.000795399   0.000668907  -0.000806928   0.000686029 
gamma_stat_CR1bminus_nJets_bin_1   -0.00357609 +0.984117 -0.970756  -0.00288369   0.00238983  -0.00298235   0.0024603 
gamma_stat_CR1bminus_nJets_bin_2   0.0112339 +0.989122 -0.971797  -0.00143551   0.000845781  -0.00144223   0.000869828 
gamma_stat_CR1bminus_nJets_bin_3   -0.000730633 +0.984189 -0.960697  0.00120015   -0.00127805  0.00121814   -0.00133249 
gamma_stat_CR1bminus_nJets_bin_4   -0.014307 +0.975907 -0.937829  0.00296765   -0.00297812  0.00303945   -0.00318569 
gamma_stat_CR1bminus_nJets_bin_5   -0.0478922 +0.951719 -0.871278  0.00371134   -0.00423765  0.00392879   -0.00488589 
gamma_stat_CR1bminus_nJets_bin_6   -0.0576358 +0.924594 -0.766939  0.012531   -0.0124048  0.0134691   -0.0165238 
JET_NNJvtEfficiency   0.000465485 +0.999961 -0.999983  0.00118875   -0.00124153  0.00118879   -0.00124156 
FT_EFF_Eigen_Light_0__1   0.000429452 +0.999999 -1.00001  0.001536   -0.00159566  0.001536   -0.00159565 
FT_EFF_Eigen_Light_1__1   -0.00693637 +1.00006 -0.999927  8.37186e-05   -0.000142334  8.37189e-05   -0.00014235 
FT_EFF_Eigen_Light_2__1   0 +1.00001 -1.00001  -2.94032e-05   -2.94031e-05  -2.94024e-05   -2.94024e-05 
gamma_stat_CR1bplus_nJets_bin_0   1.609e-05 +0.990897 -0.978878  -0.000154039   -1.64799e-06  -0.000155775   -2.79157e-06 
gamma_stat_CR1bplus_nJets_bin_1   -0.00316172 +0.986928 -0.975194  -0.00275705   0.0021109  -0.00252755   0.00128575 
gamma_stat_CR1bplus_nJets_bin_2   -0.00417743 +0.98204 -0.967239  0.000189392   -0.00034102  8.92376e-06   -0.000353831 
gamma_stat_CR1bplus_nJets_bin_3   0.00873402 +0.986206 -0.964798  0.0028732   -0.00347164  0.00285294   -0.00359932 
gamma_stat_CR1bplus_nJets_bin_4   0.0565239 +1.00342 -0.959896  0.00643781   -0.00722498  0.00641577   -0.00752359 
gamma_stat_CR1bplus_nJets_bin_5   0.0842473 +0.984917 -0.883943  0.0128057   -0.0130334  0.0130143   -0.0147785 
gamma_stat_CR1bplus_nJets_bin_6   -0.183555 +0.828687 -0.654688  0.0295393   -0.0303377  0.0346719   -0.0480647 
gamma_stat_CRttW2l_minus_nJets_bin_0   0.00358904 +0.995611 -0.982351  0.000381452   -0.000512329  0.000382689   -0.000522084 
gamma_stat_CRttW2l_minus_nJets_bin_1   -0.00270377 +0.988491 -0.974554  -0.0013919   0.000204284  -0.00138704   0.00022528 
gamma_stat_CRttW2l_minus_nJets_bin_2   -0.00374319 +0.973774 -0.947455  0.000523786   -0.000650355  0.000533356   -0.000690143 
Diboson_syst_varRF   -0.0134867 +0.999886 -0.999971  5.00441e-05   -0.000138478  5.00437e-05   -0.000138485 
gamma_stat_CRttW2l_plus_nJets_bin_0   0.000182916 +1.00045 -0.98912  0.000704945   -0.000977339  0.000704621   -0.000988736 
gamma_stat_CRttW2l_plus_nJets_bin_1   0.000211195 +0.992539 -0.981006  -0.00156361   9.7376e-05  -0.00135492   0.000105193 
gamma_stat_CRttW2l_plus_nJets_bin_2   -0.00929135 +0.974805 -0.950563  0.00234183   -0.00318552  0.00239614   -0.00331874 
gamma_stat_CRttbarCO2l_CO_1_bin_0   0.000256811 +1.006 -0.991443  -0.000914576   0.000139558  -0.000758148   0.000140589 
gamma_stat_CRttbarCO2l_gstr_1_bin_0   0.00035493 +1.01403 -0.98541  0.000285794   -0.000495338  0.00027168   -0.000503146 
ttH_syst_varRF   -0.137161 +0.99502 -0.994671  -0.00717381   0.00711219  -0.00720995   0.00715009 
gamma_stat_SR2b2l_HT_all_bin_0   0.000629847 +0.986978 -0.975587  0.00523236   -0.00630933  0.00528592   -0.0064514 
gamma_stat_SR2b2l_HT_all_bin_1   0.00449283 +0.995517 -0.985218  0.00494665   -0.00558737  0.00497385   -0.00567124 
gamma_stat_SR2b2l_HT_all_bin_2   -0.00113041 +0.996491 -0.984782  0.00348132   -0.00372151  0.00349364   -0.00378034 
gamma_stat_SR2b2l_HT_all_bin_3   -0.000808651 +1.00059 -0.989932  -0.000710372   0.000603737  -0.000709887   0.000609096 
MUON_EFF_ISO_SYS   -0.000145242 +1.00001 -1.00001  -2.32906e-05   -3.55769e-05  -2.32897e-05   -3.55756e-05 
FT_EFF_Eigen_B_0__1   -0.000891464 +1.00001 -1  8.72154e-06   -6.74411e-05  8.72274e-06   -6.74409e-05 
FT_EFF_Eigen_B_1__1   -0.000555245 +1.00001 -1.00001  -5.59191e-06   -5.31815e-05  -5.59123e-06   -5.31806e-05 
FT_EFF_Eigen_B_3__1   -0.00196296 +1.00003 -0.999983  -7.48239e-05   1.65179e-05  -7.48191e-05   1.65168e-05 
FT_EFF_Eigen_B_4__1   0.000474939 +1.00001 -1.00001  -4.97554e-05   -9.02679e-06  -4.97548e-05   -9.02622e-06 
FT_EFF_Eigen_B_6__1   0.000984651 +1 -1.00001  2.78281e-05   -8.64497e-05  2.7828e-05   -8.64473e-05 
FT_EFF_Eigen_B_7__1   -0.00140668 +1.00002 -0.999999  -0.000124694   6.6305e-05  -0.000124691   6.63046e-05 
ttW_syst_varRF   0.000347217 +0.999995 -1  0.000259145   -0.000316204  0.000259146   -0.000316202 
gamma_stat_SR2b3l4l_HT_all_bin_0   0.00180618 +1.0033 -0.97824  -0.000993552   0.000794089  -0.000989835   0.000810734 
gamma_stat_SR2b3l4l_HT_all_bin_1   -0.00291058 +1.00321 -0.979849  -0.000521969   0.000429427  -0.000519945   0.000436946 
gamma_stat_SR2b3l4l_HT_all_bin_2   -0.00206931 +1.00269 -0.98568  -0.00392087   0.00379019  -0.00391007   0.00384435 
Other_truthgbb_3b   -0.0399854 +1.00015 -0.998384  -0.00921477   0.00916619  -0.00921325   0.00917957 
ttZ_truthgbb_3b   -0.0404806 +0.997944 -0.997063  -0.00536264   0.00545124  -0.00537427   0.0054663 
ttW_truthgbb_3b   0.023671 +0.999732 -0.999272  -0.0258646   0.0261545  -0.025872   0.0261723 
gamma_stat_SR3b2l_HT_all_bin_0   0.00322097 +0.989359 -0.966736  0.000423256   -0.000564219  0.000169247   -0.000585347 
gamma_stat_SR3b2l_HT_all_bin_1   -0.00274348 +0.996981 -0.975806  -0.00206826   0.00195339  -0.00207479   0.00200036 
gamma_stat_SR3b2l_HT_all_bin_2   -0.00741043 +0.99716 -0.979368  -0.0069035   0.00675018  -0.00692333   0.00689171 
gamma_stat_SR3b2l_HT_all_bin_3   -0.00162815 +1.00343 -0.986316  -0.0169911   0.0167749  -0.016933   0.0170079 
ttH_truthgbb_3b   0.0530638 +0.997779 -0.997314  -0.0100942   0.0100482  -0.0101182   0.0100736 
MUON_CB   -0.000604857 +1.00001 -1  -0.000145566   8.68703e-05  -0.000145563   8.687e-05 
JET_EffectiveNP_Detector1   -0.000264323 +1.00001 -1.00001  -6.77354e-05   8.96678e-06  -6.77341e-05   8.96766e-06 
JET_EffectiveNP_Mixed2   0.000264323 +1.00001 -1.00001  8.96669e-06   -6.77354e-05  8.96783e-06   -6.77341e-05 
JET_EffectiveNP_Mixed3   -0.000264323 +1.00001 -1.00001  -6.77354e-05   8.96678e-06  -6.77341e-05   8.96779e-06 
JET_EffectiveNP_Modelling2   0.000264323 +1.00001 -1.00001  8.96669e-06   -6.77356e-05  8.96764e-06   -6.77338e-05 
JET_EffectiveNP_Modelling3   -0.000264323 +1.00001 -1.00001  -6.77354e-05   8.96687e-06  -6.77338e-05   8.96706e-06 
JET_EffectiveNP_Statistical2   0.000259675 +1.00001 -1.00001  8.29397e-06   -6.70639e-05  8.29476e-06   -6.70623e-05 
JET_EffectiveNP_Statistical5   -0.000264323 +1.00001 -1.00001  -6.77354e-05   8.9665e-06  -6.77338e-05   8.96736e-06 
gamma_stat_SR3b3l4l_HT_all_bin_0   -0.00158749 +1.00556 -0.97459  -0.00257925   0.00244638  -0.00256455   0.00250786 
gamma_stat_SR3b3l4l_HT_all_bin_1   -0.00151207 +1.00703 -0.984253  -0.0123815   0.0121153  -0.0122946   0.0123084 
ttt_truthgbb_4b   0.0661933 +1.00066 -0.998893  -0.0062467   0.00607879  -0.00624184   0.00608433 
Other_truthgbb_4b   0.102331 +1.00295 -0.996961  -0.0122954   0.0119035  -0.0122528   0.0119337 
ttZ_truthgbb_4b   0.126997 +1.00214 -0.995257  -0.0095863   0.00927193  -0.00956338   0.00931175 
ttH_truthgbb_4b   0.124193 +1.00139 -0.99587  -0.00794117   0.00764017  -0.00792898   0.00766904 
ttW_truthgbb_4b   0.212286 +1.01109 -0.988879  -0.0325062   0.0305265  -0.0320993   0.0308408 
gamma_stat_SR4b_HT_all_bin_0   0.00900665 +1.00625 -0.984143  -2.98925e-05   -0.00107684  -3.2711e-05   -0.00109925 
gamma_stat_SR4b_HT_all_bin_1   0.000823142 +1.00423 -0.99488  -0.0163501   0.0163287  -0.0162812   0.0164129 
