 |       | t#bar{t}t#bar{t}      | t#bar{t}t      | t#bar{t}VV      | t#bar{t}VV      | ttZ_high      | ttZ_low      | t#bar{t}H      | QmisID      | Mat.Conv.      | Low m_{#gamma^{*}}      | HF e      | HF#mu      | light      | Other fake      | singleTop      | singleTop      | Diboson      | triboson      | vh      | t#bar{t}W^{-}      | t#bar{t}W^{-}      | t#bar{t}W^{-}      | t#bar{t}W^{-}      | t#bar{t}W^{-}      | t#bar{t}W^{-}      | t#bar{t}W^{-}      | t#bar{t}Z' |
 | Diboson_syst_varRF | 0 | 0 | 0 | 0 | 0 | 0 | 0 | 0 | 0 | 0 | 0 | 0 | 0 | 0 | 0 | 0 | -4.72e-05 | 0 | 0 | 0 | 0 | 0 | 0 | 0 | 0 | 0 | 0 |
 | Jet uncertainties | -0.16 | -0.0925 | 0.0801 | 0.00013 | 8.54e-05 | -8.88e-16 | 7.22e-05 | 0 | 0.0884 | -0.0939 | 0.00241 | -0.0693 | -0.537 | 0.0306 | 0.0228 | 0.026 | -0.0992 | -0.0691 | -1 | 0 | 0 | -0.111 | -0.282 | -0.635 | 1.59 | 0 | -0.239 |
 | Non-prompt lepton modeling | 0 | 0 | 0 | 0 | 0 | 0 | 0 | 0 | 0.17 | 0.0954 | 0 | 0 | 0 | 0 | 0 | 0 | 0 | 0 | 0 | 0 | 0 | 0 | 0 | 0 | 0 | 0 | 0 |
 | Other bkg modeling | 0 | 0 | 0.538 | 0.598 | 0 | 0 | 0 | 0 | 0 | 0 | 0 | 0 | 0 | 0 | 0.318 | 0.318 | 0.547 | 0 | 1.03 | 0 | 0 | 0 | 0 | 0 | 0 | 0 | 0 |
 | Other instrumental uncertainty | 0.0226 | 0.0223 | 0.0241 | 0.0226 | 0.022 | 0.0262 | 0.0229 | 0 | -0.0422 | -0.0479 | 0.0257 | 0.0336 | -0.0628 | 0.0301 | 0.0215 | 0.0205 | 0.0237 | 0.0238 | -0.0265 | 0.022 | 0.0224 | 0.0207 | 0.0235 | 0.0447 | 0.14 | 0 | 0.0234 |
 | SM 4top modeling | 0.156 | 0 | 0 | 0 | 0 | 0 | 0 | 0 | 0 | 0 | 0 | 0 | 0 | 0 | 0 | 0 | 0 | 0 | 0 | 0 | 0 | 0 | 0 | 0 | 0 | 0 | 0 |
 | b-tagging B-jets uncertainties | 0.0123 | -0.00452 | 0 | 0 | 0 | 0 | 0 | 0 | 0 | 0.0484 | 0 | 0 | 0.021 | 0 | 0 | -2.22e-16 | 0 | -2.22e-16 | 0.0647 | 0 | 0 | 0 | 0.0201 | 0.0221 | 0.0201 | 0 | -0.00493 |
 | b-tagging C-jets uncertainties | 0 | 0 | 0 | 0 | 0 | 0 | 0 | 0 | -1.11e-16 | 0 | 0.0233 | 0.0209 | -6.66e-16 | 0 | 0 | 0 | 0.022 | 0.0292 | 0.0931 | 0 | 0 | 0 | 0 | 0 | 0.0273 | 0 | 0 |
 | b-tagging Light-jets uncertainties | 0 | 0 | 0 | 0 | 0 | 0 | 0 | 0 | 0 | 0 | 0 | 0 | 0 | 0 | 0 | 0 | -0.0485 | -0.053 | 0 | 0 | 0 | 0 | 0 | 0 | -0.0233 | 0 | 0 |
 | ttH modeling | 0 | 0 | 0 | 0 | 0 | 0 | 0.0987 | 0 | 0 | 0 | 0 | 0 | 0 | 0 | 0 | 0 | 0 | 0 | 0 | 0 | 0 | 0 | 0 | 0 | 0 | 0 | 0 |
 | ttH_syst_varRF | 0 | 0 | 0 | 0 | 0 | 0 | -9.66e-06 | 0 | 0 | 0 | 0 | 0 | 0 | 0 | 0 | 0 | 0 | 0 | 0 | 0 | 0 | 0 | 0 | 0 | 0 | 0 | 0 |
 | ttHmodeling | 0 | 0 | 0 | 0 | 0 | 0 | 0.065 | 0 | 0 | 0 | 0 | 0 | 0 | 0 | 0 | 0 | 0 | 0 | 0 | 0 | 0 | 0 | 0 | 0 | 0 | 0 | 0 |
 | ttW_syst_varRF | 0 | 0 | 0 | 0 | 0 | 0 | 0 | 0 | 0 | 0 | 0 | 0 | 0 | 0 | 0 | 0 | 0 | 0 | 0 | -2.55e-11 | 1.64e-11 | 8.76e-11 | 3.58e-10 | 1.77e-09 | 8.03e-09 | 0 | 0 |
 | ttWmodeling | 0 | 0 | 0 | 0 | 0 | 0 | 0 | 0 | 0 | 0 | 0 | 0 | 0 | 0 | 0 | 0 | 0 | 0 | 0 | 0 | 0 | 0 | 0 | 0 | 0 | 0 | 0 |
 | ttZ modeling | 0 | 0 | 0 | 0 | -0.171 | -0.17 | 0 | 0 | 0 | 0 | 0 | 0 | 0 | 0 | 0 | 0 | 0 | 0 | 0 | 0 | 0 | 0 | 0 | 0 | 0 | 0 | 0 |
 | ttZ_syst_varRF | 0 | 0 | 0 | 0 | 2.15e-05 | 0 | 0 | 0 | 0 | 0 | 0 | 0 | 0 | 0 | 0 | 0 | 0 | 0 | 0 | 0 | 0 | 0 | 0 | 0 | 0 | 0 | 0 |
 | ttZmodeling | 0 | 0 | 0 | 0 | 0 | 0 | 0 | 0 | 0 | 0 | 0 | 0 | 0 | 0 | 0 | 0 | 0 | 0 | 0 | 0 | 0 | 0 | 0 | 0 | 0 | 0 | 0 |
 | ttZp_syst_varRF | 0 | 0 | 0 | 0 | 0 | 0 | 0 | 0 | 0 | 0 | 0 | 0 | 0 | 0 | 0 | 0 | 0 | 0 | 0 | 0 | 0 | 0 | 0 | 0 | 0 | 0 | 0 |
 | ttt modeling | 0.197 | 0.3 | 0 | 0 | 0 | 0 | 0 | 0 | 0 | 0 | 0 | 0 | 0 | 0 | 0 | 0 | 0 | 0 | 0 | 0 | 0 | 0 | 0 | 0 | 0 | 0 | 0 |
 | ttt_syst_varRF | 1.87e-05 | 0 | 0 | 0 | 0 | 0 | 0 | 0 | 0 | 0 | 0 | 0 | 0 | 0 | 0 | 0 | 0 | 0 | 0 | 0 | 0 | 0 | 0 | 0 | 0 | 0 | 0 |
 | tttt_syst_varRF | 1.87e-05 | 0 | 0 | 0 | 0 | 0 | 0 | 0 | 0 | 0 | 0 | 0 | 0 | 0 | 0 | 0 | 0 | 0 | 0 | 0 | 0 | 0 | 0 | 0 | 0 | 0 | 0 |
