tttt_Xsec   -0.0304729 +0.983147 -0.981833  0.422771   0.0794235  0.420537   0.0806132 
tttt_syst_PS   -0.0516779 +0.919205 -0.946744  0.513426   0.501879  0.51472   0.501877 
tttt_Gen   -0.0202893 +0.984472 -0.979494  0.411761   0.523546  0.409801   0.523546 
JET_BJES_Response   -0.0041791 +1.00393 -1.00186  0.500323   0.504567  0.50033   0.504562 
JET_EffectiveNP_Modelling1   -0.12196 +1.05054 -1.00264  0.492436   0.502081  0.49301   0.50208 
JET_EtaIntercalibration_Modelling   -0.0164069 +0.970665 -0.969041  0.499067   0.501854  0.498795   0.501845 
JET_EtaIntercalibration_NonClosure_PreRec   -0.0528754 +1.05238 -0.992957  0.494847   0.499326  0.495586   0.499302 
JET_Flavor_Response   0.217305 +0.984719 -1.11007  0.496767   0.505128  0.496586   0.504796 
JET_InSitu_NonClosure_PreRec   0.634477 +0.965361 -1.4275  -0.0171783   0.536199  -0.0182916   0.52413 
JET_JERUnc_Noise_PreRec   -0.822465 +0.966646 -0.867518  0.500674   0.0097641  0.5006   0.0101 
JET_JERUnc_Noise_PreRec_PseudoData   -0.111037 +0.787734 -0.885693  0.515166   0.500788  0.519513   0.500571 
JET_JER_EffectiveNP_1   0.765856 +0.909583 -1.3859  -0.0160939   0.502944  -0.0174936   0.503336 
JET_JER_EffectiveNP_1_PseudoData   0.021467 +0.940669 -0.926444  0.501129   0.505739  0.501068   0.506087 
JET_JER_EffectiveNP_2   0.535034 +0.871837 -1.42238  0.000406673   0.502272  0.000596689   0.502258 
JET_JER_EffectiveNP_2_PseudoData   0.106663 +0.874104 -0.772004  0.502112   0.504163  0.502098   0.505088 
JET_JER_EffectiveNP_3   -0.735642 +1.45224 -0.91959  0.502905   -0.00635747  0.503225   -0.00797921 
JET_JER_EffectiveNP_3_PseudoData   -0.0225285 +0.937632 -0.950388  0.505264   0.501109  0.505474   0.501061 
JET_JER_EffectiveNP_4   -0.794299 +1.06349 -0.8729  0.503635   -0.00995925  0.503588   -0.011763 
JET_JER_EffectiveNP_4_PseudoData   -0.0929781 +0.808195 -0.891838  0.504849   0.501762  0.505257   0.501725 
JET_JER_EffectiveNP_5   0.0413662 +0.973916 -0.966538  0.503268   0.504743  0.503291   0.504823 
JET_JER_EffectiveNP_5_PseudoData   0.029067 +0.965056 -0.95752  0.502736   0.501851  0.502786   0.501927 
JET_JER_EffectiveNP_6   0.00899957 +0.98428 -0.983832  0.50039   0.502546  0.500361   0.502556 
JET_JER_EffectiveNP_6_PseudoData   -0.00503946 +0.968018 -0.975449  0.502093   0.502365  0.5021   0.502368 
JET_JER_EffectiveNP_7   0.00197379 +1.00412 -1.00454  0.502009   0.502802  0.50201   0.502799 
JET_JER_EffectiveNP_7_PseudoData   -0.0120472 +0.958074 -0.957855  0.501668   0.501234  0.501655   0.501199 
JET_JER_EffectiveNP_8   0.668014 +0.908527 -1.45661  -0.0128139   0.5029  -0.0147662   0.503232 
JET_JER_EffectiveNP_9   -0.00739667 +0.984941 -0.985109  0.503308   0.500417  0.503327   0.50039 
JET_JER_EffectiveNP_9_PseudoData   0.0174021 +0.97078 -0.964114  0.50205   0.501421  0.502046   0.501383 
JET_JER_EffectiveNP_10   -0.00585964 +0.987093 -0.986542  0.502381   0.504115  0.502383   0.504137 
JET_JER_EffectiveNP_10_PseudoData   -0.00408238 +0.963612 -0.969172  0.503053   0.500964  0.50308   0.500926 
JET_JER_EffectiveNP_11   0.0255324 +0.990747 -0.988973  0.5015   0.502767  0.501492   0.502776 
JET_JER_EffectiveNP_11_PseudoData   -0.00334753 +0.948427 -0.945592  0.501107   0.502182  0.501052   0.501845 
JET_JER_EffectiveNP_12restTerm   -0.0115273 +0.986263 -0.987416  0.501769   0.502048  0.501761   0.502047 
JET_JER_EffectiveNP_12restTerm_PseudoData   0.0225698 +0.981291 -0.974031  0.501995   0.499982  0.501994   0.499917 
JET_JESUnc_Noise_PreRec   -0.107098 +1.05155 -1.00043  0.493236   0.50169  0.493788   0.501688 
JET_JESUnc_VertexingAlg_PreRec   0.245037 +0.901274 -1.44211  -0.0181092   0.012875  -0.0197575   0.50137 
JET_NNJvtEfficiency   0.103456 +0.990154 -1.01159  0.501386   0.5032  0.501378   0.503186 
JET_Pileup_OffsetNPV   -0.0835783 +1.00783 -0.978808  0.494949   -0.002168  0.495016   -0.00229188 
JET_Pileup_PtTerm   -0.00164903 +1.00304 -1.00404  0.496798   0.50202  0.496816   0.502021 
JET_Pileup_RhoTopology   0.69331 +0.952493 -1.43578  -0.0189015   0.528027  -0.0206879   0.519044 
JET_RelativeNonClosure_AF3   -0.0170071 +1.00079 -1.00066  0.499708   0.503991  0.49971   0.50399 
PRW_DATASF   -0.0126343 +1.00423 -1.00388  0.50131   0.499091  0.501314   0.499103 
FT_EFF_Eigen_B_0__1   -0.00488157 +0.999856 -0.999839  0.501328   0.502666  0.501328   0.502667 
FT_EFF_Eigen_B_2__1   0.200262 +0.965633 -1.0089  0.516988   0.48779  0.517468   0.48787 
FT_EFF_Eigen_B_3__1   0.035436 +0.996878 -0.99676  0.470752   0.539478  0.470647   0.539594 
FT_EFF_Eigen_B_4__1   -0.000803505 +1.00001 -1.00001  0.502774   0.501386  0.502774   0.501387 
FT_EFF_Eigen_B_6__1   0.0025787 +0.999986 -0.999995  0.50269   0.501469  0.50269   0.501469 
FT_EFF_Eigen_B_7__1   0.0270761 +0.999841 -0.999814  0.483776   0.527719  0.483772   0.527723 
ttt_Xsec   -0.0077181 +0.99975 -0.999477  0.494848   0.509478  0.494846   0.509481 
JET_Flavor_Composition_Bkg   -0.223722 +1.15892 -0.955456  0.502678   0.500682  0.50269   0.499962 
JET_JER_DataVsMC_MC16   0.00570615 +0.994296 -0.992908  0.501924   0.502962  0.501923   0.502967 
JET_JER_DataVsMC_MC16_PseudoData   -0.0229803 +0.961795 -0.96654  0.504195   0.501669  0.504244   0.501612 
JET_JER_EffectiveNP_8_PseudoData   -0.51714 +1.40524 -0.92178  0.503562   -0.0236681  0.503349   -0.0265198 
EG_RESOLUTION_ALL   0.00453668 +1.0123 -1.01278  0.499449   0.501158  0.499479   0.501095 
ttt_syst_varRF   -7.94212e-05 +1 -1  0.502085   0.502082  0.502085   0.502082 
JET_Pileup_OffsetMu   -0.00957704 +0.999648 -0.995531  0.49754   0.503617  0.497538   0.503623 
MUON_CB   -0.0148523 +1.00924 -1.00957  0.502037   0.501918  0.502037   0.501921 
ttWW_Xsec   -0.110507 +1.00443 -0.981669  0.499326   0.00624485  0.499264   0.00690776 
JET_EffectiveNP_Statistical2   0.00365377 +0.994779 -0.994514  0.501962   0.501763  0.501961   0.501761 
JET_EtaIntercalibration_TotalStat   0.000348949 +0.998567 -0.998192  0.500847   0.502032  0.500845   0.502032 
others_Xsec   -0.103496 +1.01113 -0.990566  0.495827   0.509506  0.495805   0.509611 
EG_SCALE_ALL   0.00477294 +1.01147 -1.01173  0.498022   0.502584  0.498083   0.502578 
ttZ_Xsec   -0.0734395 +0.988693 -0.985807  0.497048   0.506821  0.496982   0.506722 
ttZ_Gen   0.487936 +0.766202 -1.37944  -0.024634   0.507493  -0.0305673   0.508182 
FT_EFF_Eigen_B_8__1   -0.0239509 +1.00011 -1.0001  0.503121   0.500984  0.503121   0.500984 
ttH_Xsec   0.0121622 +0.988635 -0.988652  0.501469   0.00853182  0.501454   0.00875903 
ttH_Gen   0.0392657 +1.02376 -1.03858  0.506968   0.501949  0.506856   0.501949 
ttH_PS   0.0581507 +1.02495 -1.05672  0.519115   -0.00103833  0.518767   0.00695064 
JET_EffectiveNP_Mixed1   -0.00124952 +0.999925 -0.99996  0.502081   0.501849  0.502081   0.501849 
JET_EffectiveNP_Mixed2   0.00590479 +0.994123 -0.993771  0.501944   0.501775  0.501943   0.501773 
CO_ShapeSyst_simple   -0.0386682 +0.93772 -0.96049  0.506045   0.502144  0.506428   0.502142 
Gstr_ShapeSyst_simple   -0.0313065 +0.955071 -0.968156  0.500994   0.501976  0.500881   0.501972 
MUON_EFF_ISO_SYS   -0.0740151 +0.972791 -1.00491  0.482924   0.517142  0.482265   0.517003 
MUON_SCALE   -0.00323599 +1.00564 -1.00572  0.502115   0.498596  0.502115   0.498617 
JET_EffectiveNP_Detector1   -0.0056204 +0.994608 -0.994952  0.501759   0.501867  0.501757   0.501866 
singleTop_Xsec   -0.20072 +1.00414 -0.97262  0.498096   0.506216  0.498113   0.00661094 
Diboson_3jets   -0.00132276 +0.998179 -0.998677  0.501516   0.502083  0.501515   0.502083 
VV_truthgbb_3b   -0.121275 +0.787069 -0.865311  0.50852   0.502663  0.511153   0.502653 
VV_truthgbb_4b   0.234762 +1.01689 -1.2185  0.492324   0.502807  0.492476   0.502881 
FT_EFF_Eigen_C_3__1   0.0375904 +0.993522 -1.01035  0.484296   0.517834  0.484177   0.51761 
FT_EFF_Eigen_Light_0__1   0.194358 +0.981346 -0.985021  0.520832   0.482392  0.521186   0.482078 
Diboson_syst_varRF   0.0115693 +0.991561 -0.991636  0.503072   0.501165  0.503081   0.501158 
FT_EFF_Eigen_Light_1__1   -0.0114296 +1.00008 -0.999786  0.501517   0.502629  0.501518   0.502629 
FT_EFF_Eigen_Light_8__1   0.000791887 +0.999992 -0.999995  0.502255   0.501908  0.502255   0.501908 
FT_EFF_Eigen_B_1__1   -0.000473997 +0.999984 -0.999979  0.502253   0.501909  0.502253   0.501909 
JET_EffectiveNP_Modelling3   -0.00537605 +0.993143 -0.993445  0.501724   0.502176  0.501721   0.502177 
FT_EFF_Eigen_C_5__1   0.0139478 +0.999862 -0.999863  0.501306   0.502802  0.501306   0.502802 
gamma_stat_CR1b3le_lep_2_pt_bin_0   0.00267779 +1.00293 -0.999659  0.498753   0.505377  0.498763   0.505378 
gamma_stat_CR1b3le_lep_2_pt_bin_1   0.000532254 +0.981862 -0.936272  0.501114   0.502754  0.501098   0.502823 
NF_ttbar_CO   0.016677 +0.30251 -0.277283  0.506069   0.500667  0   0 
NF_ttbar_gstr   -0.0512947 +0.21668 -0.188352  0.501135   0.00281657  0   0 
NF_ttbar_HFe   -0.315471 +0.225344 -0.200202  0.0117575   0.497366  0   0 
NF_ttbar_HFm   -0.0282555 +0.167885 -0.162796  0.0150514   0.497867  0   0 
NF_ttW_4j_plus   0.189981 +0.175004 -0.169086  0.50659   0.000725246  0   0 
scaling_a   0.426544 +0.107196 -0.106075  -0.0457406   0.534493  0   0 
scaling_b   0.356139 +0.232957 -0.221281  0.519436   0.483748  0   0 
NF_ttW_4j_minus   0.0717502 +0.268729 -0.257276  0.503521   0.00833028  0   0 
tttt_syst_varRF   0.0494376 +0.999628 -0.999626  0.501759   0.502474  0.501759   0.502474 
MUON_SAGITTA_GLOBAL   -0.00518207 +1.00132 -1.00143  0.502162   0.499017  0.502162   0.499021 
JET_EffectiveNP_Modelling2   0.00403662 +0.993404 -0.993149  0.502098   0.5018  0.502098   0.501798 
FT_EFF_Eigen_C_1__1   -0.00139652 +0.999994 -1  0.501818   0.502347  0.501818   0.502347 
ttW_syst_varRF   0.026297 +0.999882 -0.999867  0.50239   0.501788  0.50239   0.501788 
FT_EFF_Eigen_B_10__1   0.00283943 +1.00004 -1.00004  0.499807   0.504381  0.499807   0.504381 
gamma_stat_CR1b3lm_lep_2_pt_bin_0   0.00344116 +1.00267 -0.984229  0.500285   0.503725  0.50029   0.503759 
gamma_stat_CR1b3lm_lep_2_pt_bin_1   -0.0121546 +0.977196 -0.945775  0.501326   0.50279  0.501309   0.502791 
ttZ_high_mll_syst_MUR05_MUF05   -0.124287 +0.993051 -0.993062  0.494691   0.508545  0.494642   0.508592 
FT_EFF_Eigen_C_0__1   -0.0015908 +1 -1  0.502427   0.501737  0.502427   0.501737 
ttH_syst_varRF   -0.0971563 +0.993035 -0.993104  0.494204   0.508884  0.494151   0.508935 
JET_EffectiveNP_Detector2   9.88572e-12 +1 -1  0.502084   0.502084  0.502084   0.502084 
JET_EffectiveNP_Mixed3   0.000336446 +0.999664 -0.999664  0.502084   0.502138  0.502084   0.502138 
JET_EffectiveNP_Modelling4   9.88572e-12 +1 -1  0.502084   0.502084  0.502084   0.502084 
JET_EffectiveNP_Statistical1   9.88572e-12 +1 -1  0.502084   0.502084  0.502084   0.502084 
JET_EffectiveNP_Statistical4   0.000110144 +1.00011 -1.00011  0.502015   0.502083  0.502015   0.502083 
JET_EffectiveNP_Statistical5   0.000226192 +0.999774 -0.999777  0.502084   0.502069  0.502084   0.502069 
JET_EffectiveNP_Statistical6   -5.78881e-12 +1 -1  0.502084   0.502084  0.502084   0.502084 
MUON_SAGITTA_DATASTAT   1.24606e-05 +1.00001 -1.00001  0.502067   0.502084  0.502067   0.502084 
MUON_SAGITTA_PTEXTRA   -0.00137597 +0.999965 -0.999974  0.502114   0.502072  0.502114   0.502072 
Diboson_4jets   -0.103829 +0.718558 -0.886567  0.513032   0.502407  0.519094   0.502399 
Diboson_5jets   -0.20047 +0.525345 -0.725885  0.0184254   0.0101665  0.530406   0.0102446 
gamma_stat_CR1bminus_nJets_bin_0   -0.00107245 +0.996863 -0.970183  0.503243   0.500592  0.503246   0.501006 
gamma_stat_CR1bminus_nJets_bin_1   -0.00518909 +0.981317 -0.966908  0.502229   0.501262  0.502235   0.501839 
gamma_stat_CR1bminus_nJets_bin_2   0.0101524 +0.987883 -0.970829  0.502486   0.501734  0.50249   0.501739 
gamma_stat_CR1bminus_nJets_bin_3   -0.00137963 +0.983807 -0.960332  0.50296   0.501111  0.502967   0.501076 
gamma_stat_CR1bminus_nJets_bin_4   -0.0147226 +0.976324 -0.938123  0.503099   0.501106  0.503121   0.501036 
gamma_stat_CR1bminus_nJets_bin_5   -0.0493829 +0.951413 -0.870765  0.505442   0.498867  0.505612   0.498342 
gamma_stat_CR1bminus_nJets_bin_6   -0.0706597 +0.918816 -0.762871  0.512221   0.491451  0.513083   0.488025 
FT_EFF_Eigen_B_5__1   -7.84993e-05 +1 -1  0.502054   0.502114  0.502054   0.502114 
FT_EFF_Eigen_B_9__1   0.000404597 +1 -1  0.501847   0.502319  0.501847   0.502319 
FT_EFF_Eigen_C_2__1   -0.000704639 +1 -1  0.502094   0.502074  0.502094   0.502074 
FT_EFF_Eigen_C_6__1   5.02411e-12 +1 -1  0.502084   0.502084  0.502084   0.502084 
FT_EFF_Eigen_Light_2__1   -0.00227692 +1 -0.999988  0.501031   0.503117  0.501031   0.503117 
JET_EffectiveNP_Statistical3   -2.54973e-12 +1 -1  0.502084   0.502084  0.502084   0.502084 
FT_EFF_Eigen_Light_3__1   -0.00140108 +1 -1  0.502125   0.502042  0.502125   0.502042 
gamma_stat_CR1bplus_nJets_bin_0   -0.000800605 +1.00334 -0.973429  0.504249   0.499734  0.504241   0.499672 
gamma_stat_CR1bplus_nJets_bin_1   -0.00547552 +0.981271 -0.968738  0.503521   -0.00214042  0.503549   0.500107 
gamma_stat_CR1bplus_nJets_bin_2   -0.00579185 +0.980066 -0.964861  0.504302   0.499561  0.504361   0.499589 
gamma_stat_CR1bplus_nJets_bin_3   0.00687492 +0.985204 -0.963111  0.505318   0.498651  0.505349   0.498521 
gamma_stat_CR1bplus_nJets_bin_4   0.0531049 +1.00093 -0.958298  0.506954   0.496856  0.50695   0.496631 
gamma_stat_CR1bplus_nJets_bin_5   0.0702796 +0.976081 -0.875753  0.511865   0.4915  0.51211   0.490043 
gamma_stat_CR1bplus_nJets_bin_6   -0.209676 +0.815031 -0.642872  0.522541   0.477531  0.526839   -0.0468172 
Other_truthgbb_3b   -0.0102429 +0.986265 -0.989704  0.492715   0.501981  0.492578   0.501981 
Other_truthgbb_4b   0.00693241 +1.00837 -1.00691  0.492301   0.502354  0.492397   0.502354 
FT_EFF_Eigen_C_9__1   -4.37774e-12 +1 -1  0.502084   0.502084  0.502084   0.502084 
ttW_truthgbb_4b   0.0203099 +1.02159 -1.02012  0.477946   0.504338  0.478561   0.504338 
JET_Flavor_Composition_Sig   3.0373e-06 +1 -1  0.499029   0.505048  0.499029   0.505048 
gamma_stat_CRttW2l_minus_nJets_bin_0   0.00323308 +0.995294 -0.982358  0.502192   0.501961  0.502192   0.501932 
gamma_stat_CRttW2l_minus_nJets_bin_1   -0.00176329 +0.989217 -0.975819  0.499859   0.504026  0.499836   0.50409 
gamma_stat_CRttW2l_minus_nJets_bin_2   -0.00171513 +0.979622 -0.968126  0.498107   0.505676  0.498029   0.505796 
gamma_stat_CRttW2l_plus_nJets_bin_0   0.000321049 +0.998875 -0.988621  0.501635   0.502471  0.501635   0.502478 
gamma_stat_CRttW2l_plus_nJets_bin_1   0.00142013 +0.993253 -0.982092  0.500484   0.503318  0.50046   0.503195 
gamma_stat_CRttW2l_plus_nJets_bin_2   -0.00618572 +0.981852 -0.977126  0.499051   0.504732  0.498993   0.504795 
gamma_stat_CRttbarCO2l_CO_1_bin_0   0.000550728 +1.00572 -0.99202  0.500499   0.503537  0.500487   0.50355 
ttt_truthgbb_4b   0.00340634 +1.00403 -1.00341  0.496881   0.502169  0.496906   0.502169 
ttH_truthgbb_3b   -0.00501145 +0.987935 -0.994976  0.488937   0.50192  0.488771   0.50192 
gamma_stat_CRttbarCO2l_gstr_1_bin_0   0.000614644 +1.01408 -0.985341  0.502168   0.50165  0.502169   0.501644 
gamma_stat_SR2b2l_HT_all_bin_0   -0.000208794 +0.986587 -0.975618  0.508015   0.495337  0.50811   0.495174 
gamma_stat_SR2b2l_HT_all_bin_1   0.00410116 +0.995593 -0.984779  0.505818   0.498081  0.505832   0.49802 
gamma_stat_SR2b2l_HT_all_bin_2   -0.00109779 +0.996545 -0.985416  0.504211   0.499885  0.504219   0.499852 
gamma_stat_SR2b2l_HT_all_bin_3   -0.000593562 +1.00078 -0.99049  0.502246   0.501887  0.502246   0.501885 
MUON_EFF_ISO_STAT   0.000190495 +1 -1  0.50207   0.502098  0.50207   0.502098 
MUON_EFF_RECO_SYS   -1.89003e-05 +1 -1  0.502084   0.502084  0.502084   0.502084 
FT_EFF_Eigen_C_10__1   -1.37664e-12 +1 -1  0.502084   0.502084  0.502084   0.502084 
FT_EFF_Eigen_Light_4__1   0.000540793 +1.00001 -1.00001  0.501975   0.50219  0.501975   0.50219 
FT_EFF_Eigen_Light_9__1   -0.000107553 +1 -1  0.502099   0.502069  0.502099   0.502069 
FT_EFF_Eigen_C_8__1   0.00019735 +1 -1  0.502077   0.50209  0.502077   0.50209 
gamma_stat_SR2b3l4l_HT_all_bin_0   0.00208363 +1.00389 -0.979284  0.501276   0.502828  0.501279   0.502844 
gamma_stat_SR2b3l4l_HT_all_bin_1   -0.00228035 +1.00374 -0.981269  0.501171   0.502942  0.501174   0.502957 
gamma_stat_SR2b3l4l_HT_all_bin_2   -0.00140427 +1.00315 -0.986873  0.499703   0.504313  0.49971   0.504342 
ttZ_truthgbb_3b   -0.00688151 +0.987324 -0.993095  0.492377   0.50195  0.49225   0.50195 
ttW_truthgbb_3b   -0.0147987 +0.974293 -0.985089  0.473311   0.501303  0.472526   0.501302 
gamma_stat_SR3b2l_HT_all_bin_0   0.00497206 +0.992507 -0.969816  0.502949   0.501089  0.502954   0.501056 
gamma_stat_SR3b2l_HT_all_bin_1   -0.00110237 +0.999396 -0.979567  0.49928   0.504441  0.499279   0.504493 
gamma_stat_SR3b2l_HT_all_bin_2   -0.00484828 +1.00039 -0.9836  0.494934   0.508285  0.494936   0.508394 
gamma_stat_SR3b2l_HT_all_bin_3   0.000751985 +1.00571 -0.989685  0.491427   0.511095  0.491483   0.511197 
FT_EFF_Eigen_Light_6__1   8.66781e-12 +1 -1  0.502084   0.502084  0.502084   0.502084 
gamma_stat_SR3b3l4l_HT_all_bin_0   -2.7786e-05 +1.00756 -0.978526  0.499002   0.504813  0.499025   0.504872 
gamma_stat_SR3b3l4l_HT_all_bin_1   0.000660269 +1.0088 -0.988348  0.493661   0.509364  0.49373   0.509454 
ttZ_truthgbb_4b   0.00498941 +1.00576 -1.00499  0.493819   0.502387  0.493874   0.502387 
ttH_truthgbb_4b   0.00519356 +1.0059 -1.00519  0.493621   0.502414  0.493678   0.502414 
gamma_stat_SR4b_HT_all_bin_0   -0.000234571 +1.00687 -0.985792  0.500864   0.503704  0.500877   0.50372 
gamma_stat_SR4b_HT_all_bin_1   0.000317797 +1.00357 -0.995389  0.491729   0.512983  0.491767   0.513032 
