tttt_Xsec   0.339436 +0.972968 -0.931126  -1.50792   1.43454  -1.55819   1.54046 
tttt_syst_PS   0.00717702 +0.998183 -0.997873  0.0137541   -0.012246  0.0153249   -0.0125103 
JET_InSitu_NonClosure_PreRec   0.0368857 +1.00124 -1.001  -0.0876253   0.0812829  -0.0850886   0.0787042 
JET_JERUnc_Noise_PreRec   -0.0121388 +0.99869 -1.00293  0.00324065   -0.0049971  0.00444874   -0.00826857 
JET_JERUnc_Noise_PreRec_PseudoData   -0.0710082 +1.00157 -0.996977  -0.0188018   0.0182402  -0.0181869   0.0176252 
JET_JER_EffectiveNP_1   0.0293657 +1.00052 -1.00178  -0.021489   0.0159988  -0.0214743   0.02036 
JET_JER_EffectiveNP_1_PseudoData   2.40812e-05 +0.999791 -0.999757  -0.0107507   0.0065433  -0.00418453   0.00516707 
JET_JER_EffectiveNP_5   -0.0101044 +1.00044 -0.999608  -0.00042812   0.00120254  -0.00228042   0.00196041 
JET_JER_EffectiveNP_5_PseudoData   0.00771194 +0.999744 -0.999853  0.00759183   -0.00684435  0.00816235   -0.00690392 
JET_JER_EffectiveNP_6   -0.00207535 +1.00003 -0.999904  -0.00317891   -0.00350183  -0.000861041   -0.00267356 
JET_JER_EffectiveNP_6_PseudoData   -0.00814728 +0.999547 -0.999524  -0.00934328   0.00902458  -0.00975949   0.00717838 
JET_JER_EffectiveNP_8   0.0190287 +1.00128 -1.00161  -0.0231531   0.017148  -0.0210819   0.0257967 
JET_JER_EffectiveNP_9   0.00343701 +0.999861 -1.0001  -0.00128613   0.00193859  -0.00190423   0.00187917 
JET_JER_EffectiveNP_9_PseudoData   0.00716897 +0.999749 -0.999848  0.00636703   -0.00888024  0.00513282   -0.00883538 
JET_JER_EffectiveNP_10   -0.00698741 +1.00029 -0.999741  0.00193276   0.00211952  -0.000272351   0.00226516 
JET_Pileup_RhoTopology   0.0237007 +1.00119 -1.00123  -0.0579614   0.0553042  -0.0572515   0.0548739 
JET_RelativeNonClosure_AF3   6.19819e-07 +1.00001 -1.00001  0.00275038   0.00276836  0.00275201   0.00276984 
ttt_Xsec   0.00931893 +0.999638 -0.999646  -0.0813733   0.0802994  -0.086039   0.0803756 
JET_JESUnc_VertexingAlg_PreRec   0.0433102 +1.00166 -1.00146  -0.0415763   0.0358532  -0.0415175   0.0355799 
ttWW_Xsec   -0.095956 +1.00099 -0.983074  -0.0603659   0.0618828  -0.0602886   0.0625191 
JET_JER_EffectiveNP_3   -0.0268907 +1.00087 -0.999481  0.0162946   -0.0178796  0.0168295   -0.0184743 
others_Xsec   0.0264223 +0.999189 -1.00031  -0.0788671   0.084171  -0.0781062   0.0845111 
ttZ_Xsec   -0.0770246 +0.986049 -0.983527  -0.0719605   0.0627957  -0.069988   0.0584601 
ttZ_Gen   0.375487 +0.808593 -0.916326  -0.163847   0.21278  -0.200299   0.226765 
JET_JER_DataVsMC_MC16   -0.00512461 +1.00007 -0.999876  -0.00376965   0.00292654  -0.0037698   0.00213758 
JET_JER_EffectiveNP_2   0.0206848 +1.00328 -0.999248  -0.0024146   -0.00015866  -0.00284604   -0.000288144 
JET_JER_EffectiveNP_4   -0.0116435 +0.998175 -1.00262  -0.0011257   0.00101525  -0.00153192   0.00230146 
JET_Pileup_OffsetNPV   0.0147052 +0.999992 -0.999952  -0.0124518   0.0136297  -0.0124516   0.0136362 
ttZ_low_mll_syst_MUR05_MUF05   -7.68103e-05 +0.99996 -0.999976  0.00171018   0.00170566  0.00133111   0.00170552 
ttZ_low_mll_syst_MUR1_MUF05   0.00127495 +0.999994 -0.999998  0.000941447   0.0016269  0.000939474   0.00162702 
ttH_Xsec   0.0366924 +0.98391 -0.984557  0.0145661   -0.00208918  0.0119919   -0.00712761 
JET_Flavor_Composition_Bkg   -0.0010972 +0.999576 -0.999278  -0.030487   0.0316681  -0.0304686   0.0323952 
JET_Flavor_Response   -0.0114563 +0.999541 -0.999891  0.0139476   -0.0142217  0.0139783   -0.0144141 
EG_SCALE_ALL   0.00570753 +0.999176 -0.999332  -0.000301805   0.00226061  -0.000224692   0.00331778 
singleTop_Xsec   -0.200955 +1.00508 -0.974216  -0.063473   0.073988  -0.0631228   0.0718731 
VV_truthgbb_3b   -0.160867 +0.986552 -0.969519  0.00477548   0.00324718  0.00475257   -0.00211006 
VV_truthgbb_4b   -0.0117445 +0.998459 -0.998463  -0.00967515   0.0209729  -0.0102844   0.0200799 
PRW_DATASF   -0.0127398 +1.00017 -0.999618  -0.00717466   0.00730169  -0.0071897   0.00743032 
JET_EffectiveNP_Modelling1   0.0142586 +1.00002 -0.999974  -0.0159443   0.0152031  -0.0158954   0.0152041 
JET_EtaIntercalibration_Modelling   0.0104491 +1.00004 -0.9999  -0.0134465   0.0145614  -0.0135449   0.0146108 
JET_EtaIntercalibration_NonClosure_PreRec   0.0207895 +0.999939 -0.999924  -0.0174701   0.0180803  -0.0176975   0.0180839 
JET_JESUnc_Noise_PreRec   0.0157484 +0.999985 -1  -0.0151634   0.015507  -0.0151592   0.015507 
JET_JER_EffectiveNP_7_PseudoData   0.00918344 +0.999712 -0.999851  0.00503093   -0.00791526  0.00429096   -0.00735326 
JET_JER_EffectiveNP_8_PseudoData   -0.0115045 +1.00051 -0.999619  0.027336   -0.0276993  0.0289271   -0.0273679 
JET_JER_EffectiveNP_10_PseudoData   -0.00228258 +0.999866 -0.99977  0.00399056   -0.00429663  0.00400348   -0.00426561 
JET_JER_EffectiveNP_11_PseudoData   -0.00123546 +0.999564 -0.999593  0.00125911   -0.00409421  0.00148473   -0.00430509 
JET_JER_EffectiveNP_12restTerm_PseudoData   0.00721226 +0.999749 -0.999853  0.00752506   -0.00722181  0.00747611   -0.00731457 
JET_Pileup_OffsetMu   0.0139183 +0.999988 -1  -0.0121771   0.014903  -0.0121739   0.014903 
JET_Pileup_PtTerm   8.6927e-05 +0.999999 -1.00001  -0.000517382   0.00265594  -0.000517363   0.00266505 
FT_EFF_Eigen_B_2__1   0.00964564 +0.999715 -0.999984  0.00886788   -0.00611957  0.00887169   -0.00605216 
gamma_stat_CR1b3le_lep_2_pt_bin_0   0.00120023 +1.00529 -0.982539  -0.0105716   0.0119863  -0.0119342   0.0110623 
gamma_stat_CR1b3le_lep_2_pt_bin_1   -0.000353731 +0.980703 -0.935179  0.000451183   -0.00378847  0.00353043   -0.00562606 
NF_ttbar_CO   -0.0232587 +0.311437 -0.280238  -0.00606401   0.00931797  0   0 
NF_ttbar_gstr   -0.0256945 +0.204628 -0.187022  -0.0147279   0.0223003  0   0 
NF_ttbar_HFe   -0.310111 +0.224028 -0.212728  0.0199445   -0.014448  0   0 
NF_ttbar_HFm   -0.0587218 +0.146041 -0.139253  0.0628485   -0.057384  0   0 
NF_ttW_4j_plus   0.202299 +0.173675 -0.169873  -0.0813347   0.0983171  0   0 
scaling_a   0.387471 +0.108092 -0.109322  -0.42423   0.464799  0   0 
scaling_b   0.432646 +0.244972 -0.235181  0.223529   -0.178986  0   0 
NF_ttW_4j_minus   0.101172 +0.256793 -0.251505  -0.0748947   0.10994  0   0 
tttt_Gen   0.576759 +1.02791 -0.955663  -1.21586   1.08778  -1.18085   1.14308 
JET_JER_EffectiveNP_3_PseudoData   0.00288372 +0.999443 -0.99969  0.00235796   -0.00271388  0.00220227   -0.00645315 
tttt_syst_varRF   -0.00133595 +0.999927 -0.999949  -0.00349785   0.00647442  -0.00349715   0.00648203 
ttZ_low_mll_syst_MUR2_MUF2   0.00189322 +1.00068 -1.00068  0.00193224   -0.0008241  0.00191837   -0.00055889 
ttZ_low_mll_syst_MUR05_MUF1   -0.00853575 +0.999965 -0.999979  -0.00401837   0.00617041  -0.00418535   0.00617049 
ttZ_low_mll_syst_MUR2_MUF1   0.00309145 +1.00044 -1.00044  0.00188097   0.00190384  0.00215708   0.0014224 
CO_ShapeSyst_simple   -0.067422 +0.987703 -0.990759  0.00827759   -0.00461514  0.00375416   -0.00620644 
Gstr_ShapeSyst_simple   -0.0251946 +0.999756 -0.999726  -0.0018067   -0.00111391  -0.00641349   -0.00318185 
JET_EtaIntercalibration_TotalStat   0.000566554 +0.999996 -1.00001  0.0013133   0.00191804  0.00131448   0.00191944 
JET_JER_DataVsMC_MC16_PseudoData   0.00328898 +0.999868 -1.0001  0.000474806   0.000569625  0.00117448   0.000569866 
JET_JER_EffectiveNP_2_PseudoData   0.0207329 +0.996355 -1.00452  -0.00862696   0.00726113  -0.00421533   0.00620102 
JET_JER_EffectiveNP_4_PseudoData   -0.0179005 +1.00415 -0.996386  0.00304501   -0.000228391  0.00353554   -0.00334259 
JET_JER_EffectiveNP_7   -0.000401714 +1.00001 -0.999999  0.00152713   0.000373682  0.00152755   0.000373673 
JET_JER_EffectiveNP_11   -0.00282661 +1.00009 -0.999879  -0.000294596   0.00261888  -0.000293544   0.00268427 
JET_JER_EffectiveNP_12restTerm   0.000984519 +0.999997 -1.00001  0.000243034   0.00165378  0.000243002   0.00165437 
JET_BJES_Response   2.78483e-05 +1.00001 -1.00001  3.05929e-06   0.00182566  3.23177e-06   0.00182287 
JET_NNJvtEfficiency   0.000589761 +0.999957 -0.999983  0.0120563   -0.00996268  0.0120179   -0.00996188 
gamma_stat_CR1b3lm_lep_2_pt_bin_0   0.00167227 +1.00222 -0.985563  -0.0177815   0.013283  -0.012136   0.0211502 
gamma_stat_CR1b3lm_lep_2_pt_bin_1   -0.0122726 +0.975328 -0.943876  -0.000164051   -0.000168407  0.000343845   0.000972246 
ttZ_high_mll_syst_MUR05_MUF05   -0.0908081 +0.996347 -0.996076  -0.036568   0.0398001  -0.0407101   0.0398414 
ttZ_low_mll_syst_MUR1_MUF2   -0.00161213 +1.00013 -1.00013  0.000759359   -0.000168294  0.000685449   -0.000160201 
ttH_PS   0.138243 +0.993007 -0.989101  0.0526452   -0.0571551  0.0529451   -0.0575687 
ttH_Gen   0.0496032 +0.997982 -0.997693  -0.00428467   0.0100198  -0.00992902   0.0100784 
Diboson_4jets   -0.0569825 +0.657607 -0.617419  -0.0235813   0.0285038  -0.0368931   0.0483934 
Diboson_5jets   -0.43876 +0.575948 -0.620383  0.0426154   -0.0253107  0.0646079   -0.0334171 
gamma_stat_CR1bminus_nJets_bin_0   -0.00123358 +0.986622 -0.972805  -0.00565293   0.00559654  -0.00711954   0.00698891 
gamma_stat_CR1bminus_nJets_bin_1   -0.00359217 +0.984186 -0.97057  -0.0205819   0.0161098  -0.0257203   0.0189581 
gamma_stat_CR1bminus_nJets_bin_2   0.0113023 +0.98867 -0.97209  -0.0064781   0.00748715  -0.00675568   0.00784937 
gamma_stat_CR1bminus_nJets_bin_3   -0.000752352 +0.983873 -0.960521  0.00973723   -0.0068443  0.00990133   -0.0108733 
gamma_stat_CR1bminus_nJets_bin_4   -0.0145045 +0.97551 -0.937148  0.0222878   -0.0245085  0.025617   -0.0262299 
gamma_stat_CR1bminus_nJets_bin_5   -0.0488497 +0.950594 -0.868789  0.0385149   -0.038777  0.0421046   -0.0437848 
gamma_stat_CR1bminus_nJets_bin_6   -0.0598013 +0.919213 -0.758472  0.118412   -0.11709  0.131321   -0.153861 
FT_EFF_Eigen_Light_0__1   0.00051952 +0.999977 -1.00002  0.0183099   -0.0122541  0.0182993   -0.0122545 
FT_EFF_Eigen_Light_1__1   -0.0069589 +1.0001 -0.999882  0.00226095   -0.00123266  0.00226202   -0.00124652 
FT_EFF_Eigen_Light_2__1   0 +1.00001 -1.00001  0.00275952   0.00275942  0.00276083   0.00276083 
gamma_stat_CR1bplus_nJets_bin_0   1.99494e-06 +0.991428 -0.978323  -0.000245439   0.00313445  -0.00267286   0.00311628 
gamma_stat_CR1bplus_nJets_bin_1   -0.00317433 +0.987217 -0.974836  -0.0163907   0.02417  -0.0168018   0.0221572 
gamma_stat_CR1bplus_nJets_bin_2   -0.00419067 +0.982244 -0.966854  0.00221623   -0.000500199  0.00120295   -0.0079875 
gamma_stat_CR1bplus_nJets_bin_3   0.00877032 +0.986332 -0.964307  0.0280297   -0.0239231  0.0299962   -0.0306239 
gamma_stat_CR1bplus_nJets_bin_4   0.0573685 +1.00278 -0.960044  0.0634777   -0.0646463  0.0688765   -0.0650442 
gamma_stat_CR1bplus_nJets_bin_5   0.0863945 +0.983638 -0.882036  0.125005   -0.114943  0.128691   -0.129253 
gamma_stat_CR1bplus_nJets_bin_6   -0.189239 +0.8211 -0.644688  0.270743   -0.263901  0.322111   -0.434591 
gamma_stat_CRttW2l_minus_nJets_bin_0   0.00359814 +0.995357 -0.982613  0.0071643   -0.00616503  0.00690534   -0.00148969 
gamma_stat_CRttW2l_minus_nJets_bin_1   -0.0026937 +0.987876 -0.975075  -0.00116717   0.010517  -0.00149629   0.0100687 
gamma_stat_CRttW2l_minus_nJets_bin_2   -0.00378066 +0.973459 -0.947529  0.00505549   -0.00871362  0.00377261   -0.00644085 
Diboson_syst_varRF   -0.0135169 +0.999936 -0.999915  0.00122679   0.000102538  0.00125107   0.000102662 
gamma_stat_CRttW2l_plus_nJets_bin_0   0.000184204 +0.999963 -0.989605  0.0106295   -0.00966306  0.0106298   -0.00831112 
gamma_stat_CRttW2l_plus_nJets_bin_1   0.000233141 +0.992199 -0.981338  0.00423019   0.0079424  -0.00267469   0.0142226 
gamma_stat_CRttW2l_plus_nJets_bin_2   -0.0092991 +0.97472 -0.950486  0.0225173   -0.0234991  0.0239469   -0.0308586 
gamma_stat_CRttbarCO2l_CO_1_bin_0   0.000261653 +1.00602 -0.991413  0.00178483   0.00213774  -3.77874e-05   0.000274567 
EG_RESOLUTION_ALL   1.05991e-06 +1.00001 -1.00001  0.00288256   0.00260964  0.00288395   0.00261137 
gamma_stat_CRttbarCO2l_gstr_1_bin_0   0.00039032 +1.01327 -0.986163  0.00316342   -0.00594156  0.00278664   -0.00519716 
ttH_syst_varRF   -0.137814 +0.995049 -0.994674  -0.0650635   0.0638312  -0.06426   0.0640672 
gamma_stat_SR2b2l_HT_all_bin_0   0.000659847 +0.986633 -0.975757  0.0506869   -0.051681  0.0523531   -0.0509942 
gamma_stat_SR2b2l_HT_all_bin_1   0.00455483 +0.995505 -0.984889  0.0494808   -0.047799  0.0481394   -0.0475566 
gamma_stat_SR2b2l_HT_all_bin_2   -0.00115686 +0.996195 -0.984362  0.0323066   -0.0375363  0.0365497   -0.0349203 
gamma_stat_SR2b2l_HT_all_bin_3   -0.000907589 +1.00034 -0.989122  -0.0120328   0.00507131  -0.00657493   0.00540828 
MUON_EFF_ISO_SYS   -0.000150308 +1.00001 -1.00001  0.00284631   0.00266866  0.00284797   0.00267032 
FT_EFF_Eigen_B_0__1   -0.000907026 +1.00001 -0.999999  0.000350772   0.00149618  0.000351202   0.00149618 
FT_EFF_Eigen_B_1__1   -0.000564926 +1.00001 -1  0.000202755   0.00198293  0.000203083   0.0019804 
FT_EFF_Eigen_B_3__1   -0.00197021 +1.00003 -0.999983  -0.000673401   0.000857492  -0.00065818   0.000864298 
FT_EFF_Eigen_B_4__1   0.000483218 +1 -1.00001  0.00183833   0.00016487  0.00183588   0.000165123 
FT_EFF_Eigen_B_6__1   0.000981023 +1 -1.00001  0.0015961   0.00149884  0.00159694   0.0014961 
FT_EFF_Eigen_B_7__1   -0.00139854 +1.00001 -0.999999  -0.00081711   0.00140826  -0.000808432   0.00140877 
ttW_syst_varRF   0.000294816 +0.999995 -0.999998  0.00340844   -0.000407979  0.00340714   -0.000407246 
gamma_stat_SR2b3l4l_HT_all_bin_0   0.00183787 +1.00313 -0.9781  -0.00933286   0.00781065  -0.00648704   0.00756404 
gamma_stat_SR2b3l4l_HT_all_bin_1   -0.00305532 +1.00284 -0.979551  -0.00668907   0.00793732  -0.00589077   0.00782329 
gamma_stat_SR2b3l4l_HT_all_bin_2   -0.0023383 +1.00224 -0.984538  -0.032218   0.0342155  -0.0330672   0.034133 
Other_truthgbb_3b   -0.0410415 +1.00016 -0.998395  -0.0834598   0.0814608  -0.0822065   0.0838351 
ttZ_truthgbb_3b   -0.0404474 +0.99789 -0.997148  -0.0453417   0.0478662  -0.0464615   0.048164 
ttW_truthgbb_3b   0.0203912 +0.999696 -0.999454  -0.226535   0.230927  -0.226629   0.228972 
gamma_stat_SR3b2l_HT_all_bin_0   0.00335898 +0.98884 -0.965621  0.00459637   -0.00192385  0.00672161   -0.00182463 
gamma_stat_SR3b2l_HT_all_bin_1   -0.0031526 +0.995789 -0.973682  -0.0257349   0.0286731  -0.0274686   0.0257602 
gamma_stat_SR3b2l_HT_all_bin_2   -0.00933315 +0.995332 -0.975012  -0.063102   0.0599405  -0.0630736   0.0685883 
gamma_stat_SR3b2l_HT_all_bin_3   -0.00300216 +1.00206 -0.979568  -0.201014   0.201323  -0.200616   0.203724 
ttH_truthgbb_3b   0.0510354 +0.997967 -0.997177  -0.0926269   0.0937929  -0.0919756   0.0906964 
MUON_CB   -0.000592487 +1.00001 -1  -0.000956723   0.0024219  -0.000956437   0.00242207 
JET_EffectiveNP_Detector1   -0.000260153 +1.00001 -1.00001  -0.000305623   0.001776  -0.000305377   0.0017763 
JET_EffectiveNP_Mixed2   0.000260153 +1.00001 -1.00001  0.00177599   -0.000305637  0.0017763   -0.000305377 
JET_EffectiveNP_Mixed3   -0.000260153 +1.00001 -1.00001  -0.000305623   0.001776  -0.000305377   0.0017763 
JET_EffectiveNP_Modelling2   0.000260153 +1.00001 -1.00001  0.00177599   -0.000305646  0.0017763   -0.000305381 
JET_EffectiveNP_Modelling3   -0.000260153 +1.00001 -1.00001  -0.000305626   0.001776  -0.000305381   0.0017763 
JET_EffectiveNP_Statistical2   0.000255579 +1.00001 -1.00001  0.00177263   -0.00030158  0.00177291   -0.000301348 
JET_EffectiveNP_Statistical5   -0.000260153 +1.00001 -1.00001  -0.000305626   0.001776  -0.000305383   0.0017763 
gamma_stat_SR3b3l4l_HT_all_bin_0   -0.00191714 +1.00506 -0.971592  -0.0275784   0.025728  -0.0263602   0.0235191 
gamma_stat_SR3b3l4l_HT_all_bin_1   -0.00274951 +1.00717 -0.976522  -0.141359   0.140682  -0.1415   0.143141 
ttt_truthgbb_4b   0.0645353 +1.00077 -0.998784  -0.0573752   0.0551767  -0.0605913   0.0565519 
Other_truthgbb_4b   0.0996382 +1.00306 -0.996814  -0.110107   0.116492  -0.110485   0.105699 
ttZ_truthgbb_4b   0.123875 +1.00234 -0.995063  -0.0893308   0.087816  -0.087834   0.0888326 
ttH_truthgbb_4b   0.121212 +1.00156 -0.995711  -0.0741237   0.0727414  -0.0741047   0.0706694 
ttW_truthgbb_4b   0.206711 +1.01116 -0.988623  -0.289115   0.274056  -0.286551   0.272694 
gamma_stat_SR4b_HT_all_bin_0   0.0114416 +1.00694 -0.980321  -0.00679943   0.00217962  -0.00428083   0.00294261 
gamma_stat_SR4b_HT_all_bin_1   0.00198475 +1.00634 -0.991412  -0.225654   0.227795  -0.224294   0.230495 
