tttt_Xsec   -0.0451513 +0.980769 -0.978582  0.369055   0.0662409  0.366764   0.061556 
tttt_syst_PS   -0.0482824 +0.92578 -0.950359  0.447864   0.432458  0.449317   0.432458 
tttt_Gen   -0.0266905 +0.975121 -0.972927  0.354813   0.458499  0.351845   0.458498 
JET_BJES_Response   -0.00441074 +1.00388 -1.00182  0.431226   0.435367  0.431233   0.435363 
JET_EffectiveNP_Modelling1   -0.121142 +1.0511 -1.0026  0.424154   0.433177  0.424711   0.433177 
JET_EtaIntercalibration_Modelling   -0.0159344 +0.970494 -0.968801  0.42954   0.433518  0.429462   0.433532 
JET_EtaIntercalibration_NonClosure_PreRec   -0.0510761 +1.05322 -0.993298  0.427356   0.429076  0.427905   0.42906 
JET_Flavor_Response   0.216677 +0.985589 -1.11155  0.427258   0.436001  0.427194   0.435765 
JET_InSitu_NonClosure_PreRec   0.632956 +0.964296 -1.42919  -0.0145499   0.465074  -0.0154312   0.453898 
JET_JERUnc_Noise_PreRec   -0.822766 +0.967652 -0.867905  0.431999   0.00729305  0.431941   0.00746629 
JET_JERUnc_Noise_PreRec_PseudoData   -0.110421 +0.788553 -0.886045  0.444356   0.431834  0.447871   0.431644 
JET_JER_EffectiveNP_1   0.763216 +0.909262 -1.3868  -0.0111769   0.433811  -0.0130264   0.43424 
JET_JER_EffectiveNP_1_PseudoData   0.021145 +0.940694 -0.926384  0.432116   0.436795  0.432065   0.436821 
JET_JER_EffectiveNP_2   0.536147 +0.871656 -1.42415  0.00069314   0.432603  0.000583671   0.433032 
JET_JER_EffectiveNP_2_PseudoData   0.106362 +0.874107 -0.772211  0.432323   0.435907  0.432225   0.436964 
JET_JER_EffectiveNP_3   -0.73395 +1.45365 -0.920006  0.433576   -0.00590543  0.434081   -0.00702271 
JET_JER_EffectiveNP_3_PseudoData   -0.0212169 +0.938489 -0.950942  0.43658   0.432068  0.436779   0.432026 
JET_JER_EffectiveNP_4   -0.792346 +1.07046 -0.873096  0.43441   -0.00763872  0.434384   -0.00929268 
JET_JER_EffectiveNP_4_PseudoData   -0.0917732 +0.809376 -0.892203  0.436104   0.432817  0.436783   0.432801 
JET_JER_EffectiveNP_5   0.0415806 +0.973984 -0.966633  0.434071   0.434654  0.434094   0.43471 
JET_JER_EffectiveNP_5_PseudoData   0.0296391 +0.96489 -0.957048  0.433628   0.432937  0.433791   0.43293 
JET_JER_EffectiveNP_6   0.00900656 +0.984028 -0.98357  0.43149   0.433055  0.431464   0.433074 
JET_JER_EffectiveNP_6_PseudoData   -0.00544492 +0.967643 -0.975212  0.433163   0.433181  0.43317   0.433184 
JET_JER_EffectiveNP_7   0.00178923 +1.00404 -1.00446  0.432834   0.433474  0.432835   0.433472 
JET_JER_EffectiveNP_7_PseudoData   -0.0113964 +0.957463 -0.956989  0.432566   0.432393  0.432568   0.432367 
JET_JER_EffectiveNP_8   0.664818 +0.909017 -1.4574  -0.0112746   0.433655  -0.0128892   0.434098 
JET_JER_EffectiveNP_9   -0.00740713 +0.984885 -0.985054  0.433729   0.431421  0.433735   0.431408 
JET_JER_EffectiveNP_9_PseudoData   0.017868 +0.970355 -0.963502  0.432952   0.432493  0.43295   0.432471 
JET_JER_EffectiveNP_10   -0.00593502 +0.987125 -0.986591  0.433217   0.434828  0.43322   0.434797 
JET_JER_EffectiveNP_10_PseudoData   -0.00359564 +0.964015 -0.969554  0.434479   0.431825  0.434547   0.431787 
JET_JER_EffectiveNP_11   0.0252982 +0.990392 -0.988595  0.432328   0.433642  0.432321   0.433648 
JET_JER_EffectiveNP_11_PseudoData   -0.00332917 +0.948126 -0.945212  0.432055   0.433308  0.432   0.43333 
JET_JER_EffectiveNP_12restTerm   -0.0118422 +0.985903 -0.987113  0.432495   0.432876  0.432487   0.432875 
JET_JER_EffectiveNP_12restTerm_PseudoData   0.0230479 +0.980719 -0.973177  0.432738   0.431315  0.432735   0.431262 
JET_JESUnc_Noise_PreRec   -0.106542 +1.05224 -1.00043  0.425454   0.431579  0.425903   0.431579 
JET_JESUnc_VertexingAlg_PreRec   0.234955 +0.907978 -1.43417  -0.0158629   0.010875  -0.0172636   0.00815401 
JET_NNJvtEfficiency   0.104152 +0.990202 -1.01274  0.432579   0.43363  0.432575   0.433621 
JET_Pileup_OffsetNPV   -0.0822919 +1.0087 -0.978647  0.426405   -0.00251288  0.425774   -0.00254271 
JET_Pileup_PtTerm   -0.00185569 +1.00263 -1.00365  0.427212   0.433791  0.427228   0.433788 
JET_Pileup_RhoTopology   0.690749 +0.951735 -1.43733  -0.0161031   0.457348  -0.0170459   0.449379 
JET_RelativeNonClosure_AF3   -0.019273 +1.00084 -1.00071  0.430116   0.435249  0.430119   0.435247 
PRW_DATASF   -0.010871 +1.00371 -1.00347  0.432553   0.42997  0.432553   0.42998 
FT_EFF_Eigen_B_0__1   -0.00556232 +0.999851 -0.999835  0.43154   0.434106  0.43154   0.434106 
FT_EFF_Eigen_B_2__1   0.200929 +0.965842 -1.00996  0.446539   0.419954  0.446843   0.420085 
FT_EFF_Eigen_B_3__1   0.0317121 +0.997043 -0.996903  0.401502   0.466858  0.401403   0.466959 
FT_EFF_Eigen_B_4__1   -0.000715921 +1.00001 -1.00001  0.433553   0.432277  0.433553   0.432277 
FT_EFF_Eigen_B_6__1   0.00253963 +0.999985 -0.999995  0.43312   0.432715  0.43312   0.432715 
FT_EFF_Eigen_B_7__1   0.0263724 +0.999856 -0.999824  0.416914   0.455767  0.416911   0.455771 
ttt_Xsec   -0.00869531 +0.999736 -0.999428  0.426923   0.439096  0.426921   0.439098 
JET_Flavor_Composition_Bkg   -0.224066 +1.16149 -0.956491  0.43516   0.00625835  0.434949   0.00651247 
JET_JER_DataVsMC_MC16   0.00518873 +0.994787 -0.993368  0.432728   0.433889  0.432728   0.433893 
JET_JER_DataVsMC_MC16_PseudoData   -0.0223406 +0.962335 -0.966961  0.435114   0.432551  0.435088   0.432532 
JET_JER_EffectiveNP_8_PseudoData   -0.511584 +1.40344 -0.92257  0.434281   -0.0195414  0.434122   -0.0217385 
EG_RESOLUTION_ALL   0.00458186 +1.01206 -1.01256  0.430528   0.431903  0.430558   0.431926 
ttt_syst_varRF   -7.88304e-05 +1 -1  0.432919   0.432916  0.432919   0.432916 
JET_Pileup_OffsetMu   -0.0100877 +0.999585 -0.995478  0.428805   0.434336  0.428803   0.434342 
MUON_CB   -0.0147547 +1.00919 -1.0095  0.433013   0.432805  0.433013   0.432807 
ttWW_Xsec   -0.113025 +1.02019 -0.98128  0.429548   0.00592982  0.429668   0.00628977 
JET_EffectiveNP_Statistical2   0.00370598 +0.99468 -0.994409  0.43285   0.432657  0.43285   0.432655 
JET_EtaIntercalibration_TotalStat   0.000270529 +0.998428 -0.99806  0.431853   0.432882  0.431851   0.432882 
others_Xsec   -0.103596 +1.01116 -0.990591  0.428179   0.00701591  0.428278   0.00712541 
EG_SCALE_ALL   0.00428992 +1.01127 -1.01151  0.429326   0.433454  0.429401   0.433448 
ttZ_Xsec   -0.0755849 +0.988658 -0.985675  0.429142   0.0148703  0.429073   0.00805949 
ttZ_Gen   0.483944 +0.766878 -1.37925  -0.0206947   0.43762  -0.0253241   0.438485 
FT_EFF_Eigen_B_8__1   -0.0237513 +1.0001 -1.00011  0.433787   0.431972  0.433787   0.431972 
ttH_Xsec   0.0145739 +0.988553 -0.988543  0.43347   0.00549793  0.433843   0.00538594 
ttH_Gen   0.0412392 +1.02482 -1.04049  0.438291   0.432769  0.438248   0.432766 
ttH_PS   0.0648481 +1.02759 -1.0631  0.0348166   0.00574244  0.0275217   0.00556305 
JET_EffectiveNP_Mixed1   -0.00123252 +0.999929 -0.999963  0.432917   0.432754  0.432917   0.432754 
JET_EffectiveNP_Mixed2   0.00596311 +0.99404 -0.993682  0.432807   0.432703  0.432806   0.432701 
CO_ShapeSyst_simple   -0.0383103 +0.938491 -0.960864  0.436641   0.432977  0.43707   0.432976 
Gstr_ShapeSyst_simple   -0.0312065 +0.955203 -0.968259  0.43206   0.432879  0.432105   0.432877 
MUON_EFF_ISO_SYS   -0.0791075 +0.972756 -1.0057  -0.0197899   0.446779  -0.0202979   0.446693 
MUON_SCALE   -0.00317965 +1.00558 -1.00566  0.432936   0.429882  0.432936   0.4299 
JET_EffectiveNP_Detector1   -0.00571375 +0.994502 -0.994853  0.432649   0.432771  0.432648   0.43277 
singleTop_Xsec   -0.202819 +1.00438 -0.972318  0.429168   0.0132072  0.429183   0.0133702 
Diboson_3jets   -0.00143114 +0.998071 -0.998568  0.432435   0.432917  0.432434   0.432917 
VV_truthgbb_3b   -0.120981 +0.788759 -0.865696  0.438578   0.00682143  0.0131151   0.00706425 
VV_truthgbb_4b   0.231641 +1.01769 -1.21575  0.4237   0.00753203  0.4239   0.00782886 
FT_EFF_Eigen_C_3__1   0.0348271 +0.993421 -1.01147  0.418118   0.446601  0.418143   0.446438 
FT_EFF_Eigen_Light_0__1   0.199815 +0.980749 -1.00032  0.0239495   0.416096  0.0245333   0.416102 
Diboson_syst_varRF   0.0119868 +0.991587 -0.991639  0.433902   0.432019  0.43391   0.432012 
FT_EFF_Eigen_Light_1__1   -0.011639 +1.00008 -0.99978  0.432371   0.433454  0.432371   0.433454 
FT_EFF_Eigen_Light_8__1   0.000926522 +0.999991 -0.999993  0.433079   0.432752  0.433079   0.432752 
FT_EFF_Eigen_B_1__1   -0.000450937 +0.999985 -0.99998  0.433085   0.432751  0.433085   0.432751 
JET_EffectiveNP_Modelling3   -0.00550694 +0.993025 -0.993337  0.432605   0.433015  0.432602   0.433015 
FT_EFF_Eigen_C_5__1   0.0138481 +0.999863 -0.999864  0.43219   0.433615  0.43219   0.433615 
FT_EFF_Eigen_B_10__1   0.0028321 +1.00004 -1.00004  0.430912   0.434947  0.430912   0.434947 
gamma_stat_CR1b3le_lep_2_pt_bin_0   0.00264181 +1.00302 -1.00084  0.43004   0.435829  0.430048   0.435827 
gamma_stat_CR1b3le_lep_2_pt_bin_1   0.000519628 +0.981879 -0.93632  0.432124   0.433567  0.432113   0.433618 
NF_ttbar_CO   0.0164722 +0.302616 -0.277302  0.00112981   0.431965  0   0 
NF_ttbar_gstr   -0.0510505 +0.216748 -0.188414  0.432981   0.00189287  0   0 
NF_ttbar_HFe   -0.315064 +0.225535 -0.200397  0.0102801   0.429093  0   0 
NF_ttbar_HFm   -0.0276214 +0.168009 -0.163064  0.0133084   0.428991  0   0 
NF_ttW_4j_plus   0.189753 +0.175297 -0.169162  0.436463   0.00808067  0   0 
scaling_a   0.424584 +0.107266 -0.106245  -0.0448687   0.465899  0   0 
scaling_b   0.358561 +0.233627 -0.221398  0.451552   0.412926  0   0 
NF_ttW_4j_minus   0.0710742 +0.269172 -0.257394  0.433943   0.0075018  0   0 
tttt_syst_varRF   0.0503824 +0.999642 -0.999631  0.432764   0.433132  0.432764   0.433132 
MUON_SAGITTA_GLOBAL   -0.00517339 +1.00134 -1.00144  0.432998   0.430209  0.432998   0.430214 
JET_EffectiveNP_Modelling2   0.00411242 +0.993293 -0.993032  0.43293   0.432687  0.43293   0.432685 
FT_EFF_Eigen_C_1__1   -0.00140139 +0.999994 -1.00001  0.432682   0.433151  0.432682   0.433151 
ttW_syst_varRF   0.0267281 +0.999889 -0.999869  0.43335   0.432495  0.43335   0.432495 
JET_Flavor_Composition_Sig   -7.46661e-05 +1.00001 -1.00001  0.430564   0.43525  0.430564   0.43525 
gamma_stat_CR1b3lm_lep_2_pt_bin_0   0.0034117 +1.00266 -0.984212  0.431456   0.434124  0.431459   0.434142 
gamma_stat_CR1b3lm_lep_2_pt_bin_1   -0.0121689 +0.977186 -0.945798  0.432282   0.433642  0.432267   0.433705 
ttZ_high_mll_syst_MUR05_MUF05   -0.022802 +0.957435 -0.962513  0.428523   0.43316  0.428326   0.433171 
FT_EFF_Eigen_C_0__1   -0.00159652 +1 -1  0.433219   0.432613  0.433219   0.432613 
ttH_syst_varRF   -0.103393 +0.99314 -0.993244  0.423562   0.44092  0.423501   0.440979 
JET_EffectiveNP_Detector2   -1.52725e-12 +1 -1  0.432918   0.432918  0.432918   0.432918 
JET_EffectiveNP_Mixed3   0.000330658 +0.99967 -0.999669  0.432918   0.432968  0.432918   0.432968 
JET_EffectiveNP_Modelling4   -1.52725e-12 +1 -1  0.432918   0.432918  0.432918   0.432918 
JET_EffectiveNP_Statistical1   -1.52725e-12 +1 -1  0.432918   0.432918  0.432918   0.432918 
JET_EffectiveNP_Statistical4   0.000108893 +1.00011 -1.00011  0.432852   0.432917  0.432852   0.432917 
JET_EffectiveNP_Statistical5   0.00022165 +0.999778 -0.999781  0.432918   0.432903  0.432918   0.432903 
JET_EffectiveNP_Statistical6   -1.52725e-12 +1 -1  0.432918   0.432918  0.432918   0.432918 
MUON_SAGITTA_DATASTAT   1.06008e-05 +1.00001 -1.00001  0.432901   0.432918  0.432901   0.432918 
MUON_SAGITTA_PTEXTRA   -0.00137477 +0.999947 -0.999955  0.432938   0.432926  0.432938   0.432926 
Diboson_4jets   -0.102682 +0.719887 -0.887995  0.0138514   0.433232  0.448839   0.433228 
Diboson_5jets   -0.20026 +0.526239 -0.726436  0.0147277   0.00813783  0.457022   0.00824155 
gamma_stat_CR1bminus_nJets_bin_0   -0.0010585 +0.9982 -0.970269  0.433907   0.431962  0.433908   0.431923 
gamma_stat_CR1bminus_nJets_bin_1   -0.00518637 +0.981503 -0.966966  0.433031   0.432263  0.43298   0.432254 
gamma_stat_CR1bminus_nJets_bin_2   0.010149 +0.987921 -0.970842  0.43321   0.432712  0.433213   0.432705 
gamma_stat_CR1bminus_nJets_bin_3   -0.00136699 +0.983848 -0.960381  0.433763   0.432178  0.433649   0.432145 
gamma_stat_CR1bminus_nJets_bin_4   -0.0147502 +0.976219 -0.937916  0.434188   0.431647  0.434194   0.431565 
gamma_stat_CR1bminus_nJets_bin_5   -0.0490766 +0.951771 -0.871198  0.436198   0.429815  0.436359   0.42935 
gamma_stat_CR1bminus_nJets_bin_6   -0.0700786 +0.918644 -0.762182  0.443717   0.421764  0.444649   0.418188 
FT_EFF_Eigen_B_5__1   -0.000104478 +1 -1  0.432889   0.432946  0.432889   0.432946 
FT_EFF_Eigen_B_9__1   0.000368457 +1 -1  0.432693   0.433141  0.432693   0.433141 
FT_EFF_Eigen_C_2__1   -0.00070449 +1 -1  0.432927   0.432908  0.432927   0.432908 
FT_EFF_Eigen_C_6__1   1.9167e-12 +1 -1  0.432918   0.432918  0.432918   0.432918 
FT_EFF_Eigen_Light_2__1   -0.00255265 +1 -0.999986  0.431961   0.43386  0.431961   0.43386 
JET_EffectiveNP_Statistical3   1.9167e-12 +1 -1  0.432918   0.432918  0.432918   0.432918 
FT_EFF_Eigen_Light_3__1   -0.00138544 +1 -1  0.432957   0.432879  0.432957   0.432879 
gamma_stat_CR1bplus_nJets_bin_0   -0.000788729 +1.00469 -0.973515  0.435032   0.430765  0.435022   0.430709 
gamma_stat_CR1bplus_nJets_bin_1   -0.00547613 +0.981386 -0.968759  0.43407   -0.00133781  0.434089   -0.00139611 
gamma_stat_CR1bplus_nJets_bin_2   -0.0057973 +0.980047 -0.964829  0.434868   0.430741  0.435064   0.430652 
gamma_stat_CR1bplus_nJets_bin_3   0.00691525 +0.985226 -0.963129  0.435958   0.429677  0.435994   0.429495 
gamma_stat_CR1bplus_nJets_bin_4   0.0532057 +1.00108 -0.958464  0.437593   0.427999  0.437588   0.427789 
gamma_stat_CR1bplus_nJets_bin_5   0.0707652 +0.976897 -0.876715  0.442309   0.423017  0.442467   0.42165 
gamma_stat_CR1bplus_nJets_bin_6   -0.205867 +0.818535 -0.646764  0.452787   -0.0230906  0.456861   -0.0429711 
Other_truthgbb_3b   -0.0114425 +0.984716 -0.988491  0.424657   0.432834  0.424519   0.432834 
Other_truthgbb_4b   0.00691051 +1.00831 -1.00689  0.424565   0.433166  0.424647   0.433166 
FT_EFF_Eigen_C_9__1   -2.75629e-12 +1 -1  0.432918   0.432918  0.432918   0.432918 
ttW_truthgbb_4b   0.019734 +1.02102 -1.01955  0.411661   0.435128  0.412196   0.435128 
gamma_stat_CRttW2l_minus_nJets_bin_0   0.00323413 +0.995294 -0.982403  0.433123   0.432674  0.433124   0.432671 
gamma_stat_CRttW2l_minus_nJets_bin_1   -0.00177926 +0.989218 -0.975865  0.430597   0.435075  0.430572   0.435074 
gamma_stat_CRttW2l_minus_nJets_bin_2   -0.00171045 +0.979619 -0.969338  0.429531   0.436066  0.429465   0.436168 
gamma_stat_CRttW2l_plus_nJets_bin_0   0.000324402 +0.998881 -0.988631  0.432658   0.433177  0.432657   0.43318 
gamma_stat_CRttW2l_plus_nJets_bin_1   0.0014043 +0.993253 -0.982144  0.431294   0.434418  0.431276   0.435006 
gamma_stat_CRttW2l_plus_nJets_bin_2   -0.00621302 +0.981879 -0.978323  0.430255   0.435335  0.430209   0.43539 
gamma_stat_CRttbarCO2l_CO_1_bin_0   0.000546503 +1.00573 -0.992023  0.431441   0.43445  0.43145   0.434465 
ttt_truthgbb_4b   0.00353023 +1.00417 -1.00354  0.428644   0.432992  0.428665   0.432992 
ttH_truthgbb_3b   -0.0065539 +0.985783 -0.993425  0.422153   0.432807  0.421999   0.432807 
gamma_stat_CRttbarCO2l_gstr_1_bin_0   0.000593849 +1.01409 -0.985337  0.432884   0.432848  0.432887   0.432847 
gamma_stat_SR2b2l_HT_all_bin_0   -0.000153363 +0.986565 -0.975568  0.438746   -0.0071799  0.438793   -0.000543924 
gamma_stat_SR2b2l_HT_all_bin_1   0.00413967 +0.995602 -0.98478  0.43678   0.428896  0.436794   0.428835 
gamma_stat_SR2b2l_HT_all_bin_2   -0.00109348 +0.996512 -0.985372  0.435393   0.430377  0.435402   0.430339 
gamma_stat_SR2b2l_HT_all_bin_3   -0.000588856 +1.0008 -0.990662  0.432233   0.433512  0.432228   0.433517 
MUON_EFF_ISO_STAT   0.000177203 +1 -1  0.432904   0.432932  0.432904   0.432931 
MUON_EFF_RECO_SYS   -1.89542e-05 +1 -1  0.432918   0.432918  0.432918   0.432918 
FT_EFF_Eigen_C_10__1   1.92953e-12 +1 -1  0.432918   0.432918  0.432918   0.432918 
FT_EFF_Eigen_Light_4__1   0.00041961 +1.00001 -1  0.432811   0.433021  0.432811   0.433021 
FT_EFF_Eigen_Light_9__1   -9.01439e-05 +1 -1  0.432933   0.432903  0.432933   0.432903 
FT_EFF_Eigen_C_8__1   0.000194664 +1 -1  0.432911   0.432924  0.432911   0.432924 
gamma_stat_SR2b3l4l_HT_all_bin_0   0.00211607 +1.00387 -0.979256  0.43215   0.433609  0.432154   0.433624 
gamma_stat_SR2b3l4l_HT_all_bin_1   -0.0023113 +1.00371 -0.981128  0.432242   0.433549  0.432245   0.43356 
gamma_stat_SR2b3l4l_HT_all_bin_2   -0.00141212 +1.00314 -0.98705  0.430223   0.435443  0.430231   0.435476 
ttZ_truthgbb_3b   -0.00841009 +0.985282 -0.991555  0.424991   0.43282  0.424871   0.43282 
ttW_truthgbb_3b   -0.0195072 +0.968198 -0.980294  0.406566   0.432217  0.40568   0.432217 
gamma_stat_SR3b2l_HT_all_bin_0   0.00507515 +0.99238 -0.96954  0.434301   0.431551  0.434313   0.431503 
gamma_stat_SR3b2l_HT_all_bin_1   -0.00113785 +0.99914 -0.979044  0.431664   0.433988  0.431663   0.434012 
gamma_stat_SR3b2l_HT_all_bin_2   -0.00504214 +1.00003 -0.983003  0.427495   0.437711  0.427496   0.437799 
gamma_stat_SR3b2l_HT_all_bin_3   0.000579037 +1.00563 -0.990379  0.421472   0.44268  0.421531   0.442783 
FT_EFF_Eigen_Light_6__1   -2.24216e-12 +1 -1  0.432918   0.432918  0.432918   0.432918 
gamma_stat_SR3b3l4l_HT_all_bin_0   -3.49092e-05 +1.00749 -0.97777  0.431008   0.434641  0.431022   0.43468 
gamma_stat_SR3b3l4l_HT_all_bin_1   0.000558474 +1.00856 -0.98837  0.425048   0.439811  0.425111   0.439897 
ttZ_truthgbb_4b   0.00531276 +1.00608 -1.00531  0.426276   0.433179  0.426323   0.433179 
ttH_truthgbb_4b   0.00558371 +1.00628 -1.00558  0.426154   0.433204  0.426203   0.433204 
gamma_stat_SR4b_HT_all_bin_0   -4.34481e-05 +1.00727 -0.985475  0.433685   0.431367  0.433679   0.431349 
gamma_stat_SR4b_HT_all_bin_1   0.000282486 +1.0035 -0.995508  0.423302   0.443091  0.423336   0.443136 
