tttt_Xsec   0.344374 +0.974767 -0.931422  -0.109695   0.10295  -0.112767   0.110584 
tttt_syst_PS   0.0883652 +0.979182 -0.978028  0.0123738   -0.00989823  0.0126742   -0.0100801 
tttt_Gen   0.334845 +1.01978 -0.961762  -0.11585   0.106473  -0.11339   0.110669 
JET_EffectiveNP_Modelling1   0.0731238 +0.998298 -0.997832  -0.0049367   0.00497382  -0.00495001   0.00498445 
JET_EtaIntercalibration_Modelling   -0.00245541 +1.00002 -0.99941  -0.00223425   0.00220064  -0.0022342   0.00220187 
JET_EtaIntercalibration_NonClosure_PreRec   0.0964378 +0.996562 -0.996638  -0.00495595   0.0050345  -0.00497002   0.00505135 
JET_Flavor_Response   -0.0886998 +0.984708 -0.9848  -0.00198377   0.00191339  -0.00201658   0.00184744 
JET_InSitu_NonClosure_PreRec   0.27749 +0.954684 -0.951043  -0.0274864   0.0287299  -0.0288575   0.0302675 
JET_JERUnc_Noise_PreRec   -0.0352139 +0.998385 -1.00082  -0.000834469   0.000680767  -0.000837277   0.000680927 
JET_JERUnc_Noise_PreRec_PseudoData   -0.109348 +1.00022 -0.993814  0.00315925   -0.00310448  0.00315861   -0.00312581 
JET_JER_EffectiveNP_1   0.0552713 +1.00059 -1.00207  -0.00309528   0.00249559  -0.00309284   0.00249229 
JET_JER_EffectiveNP_1_PseudoData   0.0212306 +0.999759 -0.999786  -1.32366e-05   1.24449e-05  -1.32836e-05   1.23475e-05 
JET_JER_EffectiveNP_2   0.07018 +1.00208 -1.00067  -0.00262706   0.00216741  -0.00261961   0.00216632 
JET_JER_EffectiveNP_2_PseudoData   0.0386018 +0.994292 -1.00551  -0.000234446   0.000288426  -0.000235515   0.000287605 
JET_JER_EffectiveNP_3   -0.056616 +1.00092 -0.999625  0.00288312   -0.00318227  0.00288104   -0.0031838 
JET_JER_EffectiveNP_3_PseudoData   -0.0305262 +0.999001 -0.99875  2.18714e-05   -0.000127515  2.18292e-05   -0.000127779 
JET_JER_EffectiveNP_4   -0.0595309 +0.998948 -1.00128  0.00105594   -0.00111831  0.00105602   -0.00111583 
JET_JER_EffectiveNP_5   -0.00914947 +1.00037 -0.999365  0.00078062   -0.000866246  0.000780403   -0.000866783 
JET_JER_EffectiveNP_5_PseudoData   0.0247309 +0.99947 -0.999743  0.000429169   -0.000541391  0.000429395   -0.000541547 
JET_JER_EffectiveNP_6   -0.00226915 +1.00016 -0.999666  -0.000807092   0.000718313  -0.000806976   0.000718472 
JET_JER_EffectiveNP_6_PseudoData   0.00322205 +0.999204 -0.999078  -0.000560951   0.00046322  -0.000561429   0.000463616 
JET_JER_EffectiveNP_7_PseudoData   0.0215848 +0.999212 -0.999579  3.69651e-06   -3.13458e-05  3.4702e-06   -3.13579e-05 
JET_JER_EffectiveNP_8   -0.00461476 +1.00049 -1.00182  -0.00429485   0.00354184  -0.00429222   0.00353703 
JET_JER_EffectiveNP_9   -0.000123813 +0.999654 -1.00017  0.00017139   -0.000273607  0.000171386   -0.000273577 
JET_JER_EffectiveNP_9_PseudoData   0.00322005 +0.999487 -0.99951  0.000431767   -0.000531231  0.000431973   -0.000531501 
JET_JER_EffectiveNP_10   -0.0134193 +1.00025 -0.999623  -0.000905589   0.00085202  -0.000905286   0.000852338 
JET_JER_EffectiveNP_11   0.0175918 +1 -0.999834  0.000372601   -0.000507815  0.000372599   -0.000507882 
JET_JER_EffectiveNP_11_PseudoData   -0.00190897 +0.999256 -0.999229  -0.00064643   0.000531925  -0.000646909   0.000532325 
JET_JER_EffectiveNP_12restTerm_PseudoData   0.0233461 +0.999418 -0.999592  0.000662894   -0.000635102  0.000663231   -0.000635544 
JET_JESUnc_VertexingAlg_PreRec   0.0869657 +0.891039 -0.892532  -0.0131734   0.0138787  -0.0147974   0.0155078 
JET_NNJvtEfficiency   0.09946 +0.988027 -0.989516  -0.000125438   -0.000125307  -0.000117341   -0.000125576 
JET_Pileup_OffsetNPV   0.0554417 +0.998652 -0.998182  -0.00515981   0.00523818  -0.00516563   0.00524728 
JET_Pileup_PtTerm   0.0175653 +0.999937 -0.999928  -0.00239028   0.00226337  -0.00239044   0.00226353 
JET_Pileup_RhoTopology   0.272047 +0.974618 -0.970006  -0.0223315   0.0227545  -0.0230262   0.0234327 
JET_RelativeNonClosure_AF3   -0.0474547 +0.999632 -0.99955  -0.00291008   0.00285901  -0.00291112   0.00286035 
FT_EFF_Eigen_B_0__1   -0.0521362 +1.00042 -0.999998  -0.00976208   0.00977608  -0.0097581   0.00977609 
FT_EFF_Eigen_B_2__1   0.0649948 +0.977145 -0.977495  0.0160525   -0.0148129  0.0164357   -0.0149622 
FT_EFF_Eigen_B_3__1   0.0918668 +0.998216 -0.997909  -0.0300813   0.0306479  -0.0301353   0.0307124 
FT_EFF_Eigen_B_4__1   -0.00367112 +1.00001 -1.00001  0.000561132   -0.000688429  0.000561128   -0.000688421 
FT_EFF_Eigen_B_6__1   0.00289417 +0.999968 -1.00002  0.00045776   -0.000583924  0.000457776   -0.000583913 
FT_EFF_Eigen_B_7__1   0.20226 +0.99505 -0.992992  -0.0188526   0.0192026  -0.018946   0.0193393 
ttt_Xsec   0.0132255 +0.99956 -0.999808  -0.00597861   0.00591583  -0.00598146   0.00591677 
JET_BJES_Response   0.0158368 +1.00005 -0.999729  -0.000733322   0.000598075  -0.00073329   0.000598257 
JET_Flavor_Composition_Bkg   0.0832888 +0.969789 -0.971349  -0.00199174   0.00197305  -0.00205342   0.0020121 
JET_JESUnc_Noise_PreRec   0.0720105 +0.997666 -0.997354  -0.00306797   0.00302133  -0.00305961   0.00302914 
ttt_syst_varRF   -7.45331e-05 +1.00001 -1.00001  -6.19863e-05   -6.4798e-05  -6.19864e-05   -6.4798e-05 
ttWW_Xsec   -0.115629 +1.00402 -0.980261  -0.00390224   0.00355916  -0.00385952   0.003608 
JET_EffectiveNP_Statistical2   -0.0020395 +0.999971 -1.00002  -6.88249e-05   -5.77721e-05  -6.88259e-05   -5.77718e-05 
JET_EtaIntercalibration_TotalStat   0.011087 +1.00001 -0.999938  -0.000371821   0.000223822  -0.000371817   0.00022384 
JET_JER_DataVsMC_MC16   -0.0198148 +1.00019 -0.999561  7.92792e-05   -0.000192589  7.9255e-05   -0.000192646 
JET_JER_EffectiveNP_4_PseudoData   -0.0088789 +1.00401 -0.996333  0.00018329   -0.000195055  0.000182623   -0.000196515 
JET_JER_EffectiveNP_12restTerm   -0.0095246 +0.9997 -0.999778  7.72457e-05   -0.000204884  7.72789e-05   -0.000204923 
JET_Pileup_OffsetMu   -0.00170117 +0.999893 -0.99969  -0.00238329   0.00234953  -0.00238358   0.00235025 
PRW_DATASF   0.000654134 +0.999627 -0.999334  -0.00085436   0.000799502  -0.00085478   0.00079992 
others_Xsec   0.030164 +0.99909 -1.00025  -0.00585675   0.00562677  -0.00591843   0.00562578 
JET_JER_EffectiveNP_8_PseudoData   0.00369689 +1.00101 -0.999069  0.0032114   -0.0034113  0.00320893   -0.00341554 
ttZ_Xsec   -0.0745077 +0.987408 -0.985715  -0.00250574   0.00232665  -0.00264497   0.00231214 
ttZ_Gen   0.381093 +0.818245 -0.923072  -0.00812831   0.00948515  -0.00988555   0.0101809 
ttZ_high_mll_syst_MUR05_MUF1   -0.106806 +0.997997 -0.997837  -0.00521792   0.00507639  -0.00522827   0.00508754 
JET_JER_DataVsMC_MC16_PseudoData   -0.000919863 +0.999577 -0.999686  9.65869e-05   -0.000126386  9.6536e-05   -0.000126395 
JET_JER_EffectiveNP_10_PseudoData   0.0190221 +0.999372 -0.999479  0.000177571   -0.000288864  0.000177631   -0.000289057 
EG_RESOLUTION_ALL   0.0203207 +0.999617 -0.999956  -0.000485948   0.000365585  -0.000486123   0.000365602 
ttZ_low_mll_syst_MUR05_MUF05   -0.00292179 +0.999983 -0.999945  -0.000288026   0.000160688  -0.000288031   0.000160699 
ttZ_low_mll_syst_MUR2_MUF2   0.00434769 +1.00071 -1.00076  0.000122737   -0.000252425  0.000122615   -0.000252207 
ttZ_low_mll_syst_MUR1_MUF05   0.00361055 +0.999985 -1  -4.34723e-05   -8.38178e-05  -4.34708e-05   -8.38177e-05 
ttZ_low_mll_syst_MUR1_MUF2   -0.00321729 +1.00015 -1.00013  -0.000114837   -1.27283e-05  -0.000114827   -1.27443e-05 
ttH_Xsec   0.0247118 +0.989303 -0.989548  0.00124861   -0.00140972  0.00126462   -0.0014204 
ttH_Gen   0.019977 +0.995655 -0.995876  0.00327658   -0.00335048  0.00319312   -0.00336378 
ttH_PS   0.168021 +0.989367 -0.987458  0.0141259   -0.0139655  0.0142415   -0.0141382 
JET_EffectiveNP_Mixed1   -0.0015137 +0.999992 -1  -4.64024e-06   -0.000122684  -4.63982e-06   -0.000122684 
JET_EffectiveNP_Mixed2   0.00178724 +0.999999 -0.999993  -9.90101e-05   -2.82697e-05  -9.90105e-05   -2.82699e-05 
JET_JER_EffectiveNP_7   0.00263826 +0.999937 -0.999963  -0.000753326   0.000659909  -0.000753387   0.000659935 
EG_SCALE_ALL   0.0161406 +0.999393 -0.999197  -0.0017123   0.00172627  -0.00171351   0.00172769 
CO_ShapeSyst_simple   -0.0660859 +0.987042 -0.990957  0.00318297   -0.00278789  0.00323044   -0.0028064 
Gstr_ShapeSyst_simple   -0.0621017 +0.992478 -0.994549  -0.00093068   0.000595569  -0.000935407   0.000599066 
MUON_EFF_ISO_SYS   -0.224481 +0.975684 -0.974854  -0.0131835   0.0131913  -0.0136239   0.013641 
JET_EffectiveNP_Detector1   -0.00112729 +1.00001 -1.00001  -6.38381e-05   -6.29401e-05  -6.38382e-05   -6.29397e-05 
MUON_CB   0.00365279 +1.00006 -0.999913  -0.000143336   -5.62604e-06  -0.00014333   -5.62108e-06 
MUON_SCALE   -0.0157913 +0.999944 -0.999972  0.00141898   -0.00150119  0.00141906   -0.00150124 
singleTop_Xsec   -0.208368 +1.00681 -0.972797  -0.00439515   0.00407134  -0.00444527   0.00415545 
Diboson_3jets   -0.0125932 +0.999525 -0.999705  -0.000357778   0.000206943  -0.000357913   0.000207018 
VV_truthgbb_3b   -0.208353 +0.995881 -0.974014  0.00214404   -0.00266795  0.00212053   -0.00278434 
VV_truthgbb_4b   0.0900182 +0.994622 -0.997423  -0.00298252   0.00278437  -0.00300099   0.00279028 
FT_EFF_Eigen_C_3__1   -0.0158431 +0.994782 -0.995065  -0.0109535   0.0110967  -0.0110045   0.0111514 
FT_EFF_Eigen_Light_0__1   0.179705 +0.983479 -0.986822  0.0157884   -0.0153361  0.016199   -0.0156018 
Diboson_syst_varRF   0.0442968 +0.995113 -0.995542  0.000655652   -0.000763619  0.000659072   -0.000767578 
FT_EFF_Eigen_Light_1__1   -0.00751803 +1.0001 -0.999885  -0.00069695   0.000570035  -0.00069688   0.000570103 
FT_EFF_Eigen_Light_8__1   0.00299401 +1 -1.00002  5.764e-05   -0.000184158  5.76398e-05   -0.000184156 
FT_EFF_Eigen_Light_2__1   -0.00216448 +1.00001 -0.999991  -0.000965449   0.000839702  -0.000965438   0.000839711 
gamma_stat_CR1b3le_lep_2_pt_bin_0   0.00155082 +1.00639 -0.982318  -0.0021385   0.00207057  -0.00212605   0.00211125 
gamma_stat_CR1b3le_lep_2_pt_bin_1   8.95596e-05 +0.981597 -0.935807  -0.000469752   0.000305169  -0.000477145   0.00032968 
NF_ttbar_CO   -0.026679 +0.314783 -0.282323  0.00310293   -0.00136659  0   0 
NF_ttbar_gstr   -0.0313573 +0.227816 -0.198028  -0.000571716   0.000138349  0   0 
NF_ttbar_HFe   -0.319183 +0.225711 -0.215183  0.00520776   -0.00403235  0   0 
NF_ttbar_HFm   -0.0319653 +0.169612 -0.157065  0.00700016   -0.0055775  0   0 
NF_ttW_4j_plus   0.209125 +0.179309 -0.175226  -0.000147683   0.000323164  0   0 
scaling_a   0.389147 +0.109633 -0.110459  -0.0353592   0.0366167  0   0 
scaling_b   0.420188 +0.246858 -0.237956  0.018635   -0.018403  0   0 
NF_ttW_4j_minus   0.103336 +0.26476 -0.259003  -0.00148594   0.00224838  0   0 
tttt_syst_varRF   0.0668403 +0.999604 -0.999585  0.000214275   -0.00031219  0.000214397   -0.000312288 
ttZ_low_mll_syst_MUR05_MUF1   -0.00842669 +1.00001 -0.999945  -0.000428134   0.000301921  -0.000428131   0.00030194 
ttZ_low_mll_syst_MUR2_MUF1   0.00720637 +1.00045 -1.00051  0.000169406   -0.000298018  0.000169308   -0.000297892 
FT_EFF_Eigen_C_1__1   0.000296175 +1.00001 -1  -6.9277e-05   -5.74872e-05  -6.92765e-05   -5.74871e-05 
FT_EFF_Eigen_C_5__1   0.00462748 +1.00002 -1.00001  -0.000534411   0.000406757  -0.000534403   0.000406754 
FT_EFF_Eigen_B_1__1   -0.00110951 +0.999995 -1  0.000104019   -0.000230879  0.00010402   -0.000230878 
ttW_syst_varRF   0.0116241 +1 -0.99998  0.000145141   -0.000269161  0.00014514   -0.000269165 
JET_Flavor_Composition_Sig   -0.00798664 +0.999988 -0.999976  -0.00276265   0.00259545  -0.00276268   0.00259551 
gamma_stat_CR1b3lm_lep_2_pt_bin_0   0.00141921 +1.00213 -0.985748  -0.00123986   0.00106935  -0.00123755   0.00108743 
gamma_stat_CR1b3lm_lep_2_pt_bin_1   -0.0118864 +0.976116 -0.944606  -0.000276012   0.000231204  -0.000279928   0.000234435 
FT_EFF_Eigen_B_8__1   -0.0207321 +0.999952 -1.00003  0.000641781   -0.000741025  0.000641807   -0.000741001 
ttZ_high_mll_syst_MUR05_MUF05   -0.170273 +0.993304 -0.993012  -0.00767834   0.00761822  -0.00772954   0.00767082 
ttZ_high_mll_syst_MUR2_MUF2   0.0607406 +0.999364 -0.999467  0.00319743   -0.00334408  0.00319951   -0.00334584 
ttZ_high_mll_syst_MUR1_MUF05   -0.0672759 +0.998927 -0.998963  -0.00249924   0.0023559  -0.00250186   0.00235842 
ttZ_high_mll_syst_MUR1_MUF2   0.0331774 +0.999564 -0.999486  0.00174831   -0.00189549  0.0017491   -0.00189644 
ttZ_high_mll_syst_MUR2_MUF1   0.0607406 +0.999364 -0.999467  0.00319743   -0.00334408  0.00319951   -0.00334584 
ttH_syst_varRF   -0.147379 +0.993153 -0.99353  -0.00876625   0.00861285  -0.00882615   0.00866947 
Diboson_4jets   -0.129193 +0.710754 -0.674495  0.0101645   -0.00975598  0.0142927   -0.0132671 
Diboson_5jets   -0.49859 +0.62179 -0.676786  0.01433   -0.0115239  0.0216342   -0.0152783 
gamma_stat_CR1bminus_nJets_bin_0   -0.00138922 +0.987141 -0.973234  0.000630507   -0.000774616  0.000639619   -0.000795205 
gamma_stat_CR1bminus_nJets_bin_1   -0.00371565 +0.984787 -0.970285  -0.00106135   0.000925911  -0.00107415   0.000955682 
gamma_stat_CR1bminus_nJets_bin_2   0.0110462 +0.989294 -0.971866  -0.000225122   0.000241222  -0.000223692   0.000249029 
gamma_stat_CR1bminus_nJets_bin_3   -0.000862363 +0.984806 -0.9608  0.000724723   -0.000733509  0.000730893   -0.00074644 
gamma_stat_CR1bminus_nJets_bin_4   -0.0145266 +0.976673 -0.938027  0.0014713   -0.00152133  0.00150836   -0.00168371 
gamma_stat_CR1bminus_nJets_bin_5   -0.0474422 +0.952905 -0.871979  0.00258078   -0.00247718  0.00271097   -0.00290386 
gamma_stat_CR1bminus_nJets_bin_6   -0.0522611 +0.931078 -0.773564  0.00780973   -0.0076052  0.00838372   -0.0100067 
FT_EFF_Eigen_C_0__1   -0.00415852 +1.00001 -1.00001  0.000227157   -0.000354148  0.000227154   -0.000354146 
FT_EFF_Eigen_C_2__1   -0.000527901 +1.00001 -1.00001  -5.87347e-05   -6.80523e-05  -5.87341e-05   -6.80524e-05 
FT_EFF_Eigen_Light_3__1   -0.000765875 +1.00001 -1.00001  -3.4659e-05   -9.21131e-05  -3.46587e-05   -9.21123e-05 
gamma_stat_CR1bplus_nJets_bin_0   -0.000187795 +0.991397 -0.979436  0.000865814   -0.00105501  0.000874241   -0.0010761 
gamma_stat_CR1bplus_nJets_bin_1   -0.00323834 +0.987315 -0.974815  -0.000779315   0.000779787  -0.00079141   0.000800809 
gamma_stat_CR1bplus_nJets_bin_2   -0.00425436 +0.982393 -0.967028  0.00114622   -0.00119164  0.00117682   -0.00123203 
gamma_stat_CR1bplus_nJets_bin_3   0.00854014 +0.986385 -0.964893  0.00288927   -0.00281808  0.00292306   -0.00292024 
gamma_stat_CR1bplus_nJets_bin_4   0.0564056 +1.00414 -0.960093  0.00477654   -0.00496041  0.0047561   -0.00503167 
gamma_stat_CR1bplus_nJets_bin_5   0.0845823 +0.988108 -0.887329  0.00810969   -0.00778211  0.00820648   -0.00878831 
gamma_stat_CR1bplus_nJets_bin_6   -0.174407 +0.839751 -0.66649  0.0190376   -0.0191207  0.022211   -0.0303802 
Other_truthgbb_3b   -0.0565572 +1.00033 -0.997394  -0.00768123   0.00771183  -0.00767849   0.00773032 
Other_truthgbb_4b   0.104386 +1.00317 -0.99685  -0.00906699   0.00874408  -0.00903277   0.00876751 
FT_EFF_Eigen_B_9__1   0.000744449 +1.00001 -1.00001  -0.000271422   0.00014454  -0.00027142   0.000144538 
FT_EFF_Eigen_B_10__1   0.021028 +0.999988 -0.999976  -0.00209463   0.00196769  -0.00209465   0.00196774 
ttW_truthgbb_4b   0.214322 +1.0115 -0.988942  -0.024327   0.0227758  -0.0240171   0.0230112 
gamma_stat_CRttW2l_minus_nJets_bin_0   0.00363311 +0.996134 -0.982473  0.000106957   -0.000144387  0.000107452   -0.000145404 
gamma_stat_CRttW2l_minus_nJets_bin_1   -0.00247864 +0.989024 -0.974855  -0.00135686   0.00128432  -0.00136657   0.00132093 
gamma_stat_CRttW2l_minus_nJets_bin_2   -0.0025022 +0.978198 -0.951121  -0.00265628   0.00255701  -0.00271823   0.00268757 
gamma_stat_CRttW2l_plus_nJets_bin_0   0.000139986 +1.00017 -0.989503  0.000358101   -0.000406507  0.00035802   -0.000408763 
gamma_stat_CRttW2l_plus_nJets_bin_1   0.000481776 +0.992603 -0.982326  -0.0010264   0.000989185  -0.00110195   0.00111198 
gamma_stat_CRttW2l_plus_nJets_bin_2   -0.00770275 +0.980749 -0.956182  -0.00202269   0.00191425  -0.00206014   0.00200055 
gamma_stat_CRttbarCO2l_CO_1_bin_0   0.000520908 +1.00624 -0.991744  -0.000938226   0.000808763  -0.00093626   0.000815849 
ttt_truthgbb_4b   0.0691378 +1.00078 -0.998714  -0.00472531   0.00452815  -0.00472109   0.00453311 
ttH_truthgbb_3b   -0.0610319 +0.994396 -0.992752  -0.00936484   0.00940845  -0.00942036   0.00947295 
gamma_stat_CRttbarCO2l_gstr_1_bin_0   0.000488277 +1.01436 -0.985208  -0.000182773   1.34745e-05  -0.000181003   9.57783e-06 
gamma_stat_SR2b2l_HT_all_bin_0   0.00011752 +0.987742 -0.976397  0.00496976   -0.00502849  0.00503194   -0.00515329 
gamma_stat_SR2b2l_HT_all_bin_1   0.00431063 +0.995531 -0.985413  0.00384058   -0.00380917  0.00385522   -0.00386727 
gamma_stat_SR2b2l_HT_all_bin_2   -0.00111059 +0.99653 -0.985273  0.00235097   -0.00240134  0.00235996   -0.00243724 
gamma_stat_SR2b2l_HT_all_bin_3   -0.000746707 +1.00065 -0.990583  -0.0012384   0.00114683  -0.0012375   0.00115775 
MUON_EFF_ISO_STAT   5.98859e-06 +1.00001 -1.00001  -7.7113e-05   -4.96644e-05  -7.71129e-05   -4.9664e-05 
MUON_EFF_RECO_SYS   -3.83888e-05 +1.00001 -1.00001  -6.2807e-05   -6.39741e-05  -6.28067e-05   -6.39741e-05 
FT_EFF_Eigen_B_5__1   -0.000513219 +1.00001 -1.00001  -8.57251e-05   -4.10169e-05  -8.57249e-05   -4.10168e-05 
FT_EFF_Eigen_C_8__1   0.000159364 +1.00001 -1.00001  -7.20252e-05   -5.47564e-05  -7.20249e-05   -5.4756e-05 
FT_EFF_Eigen_Light_4__1   -0.00112427 +1.00001 -1.00001  -0.000156687   3.02277e-05  -0.000156685   3.02277e-05 
gamma_stat_SR2b3l4l_HT_all_bin_0   0.00176286 +1.0038 -0.978609  -0.000295096   0.000235055  -0.000293234   0.000241331 
gamma_stat_SR2b3l4l_HT_all_bin_1   -0.00282285 +1.00342 -0.980263  -0.000164751   4.06853e-05  -0.000164367   4.24637e-05 
gamma_stat_SR2b3l4l_HT_all_bin_2   -0.00193237 +1.00272 -0.986466  -0.00242104   0.00226144  -0.00241462   0.00229318 
ttZ_truthgbb_3b   -0.0669994 +0.996683 -0.99452  -0.00700987   0.00707471  -0.00703477   0.00711181 
ttW_truthgbb_3b   -0.175881 +0.991771 -0.986207  -0.0254316   0.0266264  -0.0256394   0.0269793 
gamma_stat_SR3b2l_HT_all_bin_0   0.00293608 +0.99024 -0.967933  0.00355078   -0.00361178  0.00358789   -0.00373182 
gamma_stat_SR3b2l_HT_all_bin_1   -0.00267816 +0.997431 -0.977224  9.29497e-05   -0.000155148  9.22455e-05   -0.000142671 
gamma_stat_SR3b2l_HT_all_bin_2   -0.00659644 +0.998017 -0.981053  -0.00320219   0.00302413  -0.00320843   0.00308398 
gamma_stat_SR3b2l_HT_all_bin_3   -0.00122976 +1.00343 -0.988822  -0.010511   0.0103793  -0.0104745   0.0104979 
MUON_SAGITTA_PTEXTRA   0.00108781 +1.00001 -1.00001  -3.27635e-05   -9.39034e-05  -3.27637e-05   -9.39026e-05 
JET_EffectiveNP_Mixed3   -0.000273036 +1.00001 -1.00001  -8.70234e-05   -3.97312e-05  -8.70228e-05   -3.9731e-05 
JET_EffectiveNP_Modelling2   0.000273036 +1.00001 -1.00001  -3.9731e-05   -8.70232e-05  -3.97311e-05   -8.70231e-05 
JET_EffectiveNP_Modelling3   -0.000273036 +1.00001 -1.00001  -8.70236e-05   -3.97311e-05  -8.70231e-05   -3.97311e-05 
JET_EffectiveNP_Statistical5   -0.000273036 +1.00001 -1.00001  -8.70236e-05   -3.97311e-05  -8.70231e-05   -3.97311e-05 
FT_EFF_Eigen_Light_9__1   0.000122436 +1.00001 -1.00001  -5.02685e-05   -7.6507e-05  -5.02684e-05   -7.65069e-05 
gamma_stat_SR3b3l4l_HT_all_bin_0   -0.00150426 +1.00602 -0.976006  -0.00145721   0.00126076  -0.00144876   0.00129329 
gamma_stat_SR3b3l4l_HT_all_bin_1   -0.00114406 +1.00659 -0.986544  -0.0068977   0.00664899  -0.00685295   0.00674089 
ttZ_truthgbb_4b   0.123364 +1.00228 -0.995693  -0.00773781   0.00750983  -0.00771757   0.00753945 
ttH_truthgbb_4b   0.125925 +1.00176 -0.995876  -0.00763267   0.00748735  -0.00761752   0.0075162 
MUON_SAGITTA_GLOBAL   -0.0148052 +1 -0.999997  0.00129657   -0.00142444  0.00129657   -0.00142444 
gamma_stat_SR4b_HT_all_bin_0   0.00814663 +1.00633 -0.985354  -8.71699e-05   -5.49215e-05  -8.47824e-05   -5.24911e-05 
gamma_stat_SR4b_HT_all_bin_1   0.000619765 +1.00362 -0.9957  -0.00974258   0.00962722  -0.00970786   0.00966934 
