tttt_Xsec   -0.0550312 +0.980464 -0.977605  0.348594   0.0614107  0.346391   0.0570522 
tttt_syst_PS   -0.0464852 +0.929014 -0.952264  0.423367   0.407245  0.424798   0.407243 
tttt_Gen   -0.0301303 +0.969514 -0.969376  0.333628   0.433533  0.330098   0.433532 
JET_BJES_Response   -0.00453092 +1.00381 -1.00175  0.406157   0.410074  0.406164   0.41007 
JET_EffectiveNP_Modelling1   -0.121247 +1.05165 -1.00261  0.399207   0.407793  0.399381   0.407796 
JET_EtaIntercalibration_Modelling   -0.016356 +0.970365 -0.968714  0.403883   0.408888  0.403716   0.408912 
JET_EtaIntercalibration_NonClosure_PreRec   -0.0508694 +1.05395 -0.99353  0.402018   0.404847  0.402087   0.404824 
JET_Flavor_Response   0.215427 +0.986226 -1.11239  0.405282   0.408166  0.405265   0.408185 
JET_InSitu_NonClosure_PreRec   0.630344 +0.963615 -1.43357  -0.0144782   0.438291  -0.015227   0.427221 
JET_JERUnc_Noise_PreRec   -0.82361 +0.967009 -0.868295  0.407234   0.0057399  0.407199   0.00610968 
JET_JERUnc_Noise_PreRec_PseudoData   -0.110029 +0.789407 -0.886551  0.418613   0.406853  0.422114   0.40669 
JET_JER_EffectiveNP_1   0.761335 +0.909503 -1.39124  -0.00990973   0.408588  -0.0114519   0.408957 
JET_JER_EffectiveNP_1_PseudoData   0.02117 +0.940631 -0.926184  0.407151   0.411356  0.407113   0.411591 
JET_JER_EffectiveNP_2   0.535796 +0.871582 -1.42641  0.00082288   0.407758  0.00065284   0.408009 
JET_JER_EffectiveNP_2_PseudoData   0.106262 +0.874169 -0.77234  0.407392   0.410617  0.407327   0.411503 
JET_JER_EffectiveNP_3   -0.733013 +1.45487 -0.92024  0.408487   -0.00510099  0.408836   -0.00588691 
JET_JER_EffectiveNP_3_PseudoData   -0.0213803 +0.938594 -0.951165  0.411315   0.406951  0.411519   0.406912 
JET_JER_EffectiveNP_4   -0.791583 +1.07384 -0.873271  0.409116   -0.00629499  0.409083   -0.00791542 
JET_JER_EffectiveNP_4_PseudoData   -0.0921491 +0.80982 -0.892747  0.410783   0.407637  0.411506   0.40762 
JET_JER_EffectiveNP_5   0.0418482 +0.974076 -0.966736  0.409087   0.409652  0.409115   0.409704 
JET_JER_EffectiveNP_5_PseudoData   0.0300789 +0.964603 -0.956541  0.408256   0.407975  0.408182   0.407977 
JET_JER_EffectiveNP_6   0.00898555 +0.983862 -0.983409  0.40649   0.407842  0.406467   0.407827 
JET_JER_EffectiveNP_6_PseudoData   -0.00587892 +0.967245 -0.974907  0.407941   0.408039  0.407946   0.408043 
JET_JER_EffectiveNP_7   0.00169914 +1.00402 -1.00443  0.407722   0.408285  0.407722   0.408283 
JET_JER_EffectiveNP_7_PseudoData   -0.0107604 +0.956901 -0.956264  0.407657   0.407356  0.407362   0.40732 
JET_JER_EffectiveNP_8   0.663159 +0.909275 -1.45816  -0.00987738   0.408589  -0.0116589   0.408826 
JET_JER_EffectiveNP_9   -0.00738301 +0.984826 -0.98499  0.408971   0.406335  0.408644   0.406312 
JET_JER_EffectiveNP_9_PseudoData   0.0182053 +0.96999 -0.963018  0.407836   0.407318  0.407843   0.407274 
JET_JER_EffectiveNP_10   -0.00591799 +0.987128 -0.986601  0.408052   0.409419  0.408055   0.409437 
JET_JER_EffectiveNP_10_PseudoData   -0.00342214 +0.964155 -0.969743  0.409261   0.406856  0.409297   0.406826 
JET_JER_EffectiveNP_11   0.0251806 +0.990203 -0.988386  0.40698   0.408488  0.406972   0.408495 
JET_JER_EffectiveNP_11_PseudoData   -0.00311297 +0.947812 -0.944805  0.407009   0.408108  0.406962   0.408101 
JET_JER_EffectiveNP_12restTerm   -0.0120476 +0.985712 -0.986952  0.407375   0.407755  0.407367   0.407755 
JET_JER_EffectiveNP_12restTerm_PseudoData   0.0235159 +0.980267 -0.972547  0.40765   0.406163  0.407695   0.406112 
JET_JESUnc_Noise_PreRec   -0.106675 +1.05276 -1.00043  0.400122   0.407244  0.400588   0.407245 
JET_JESUnc_VertexingAlg_PreRec   0.228154 +0.912672 -1.42897  -0.0152725   0.0111656  -0.0163943   0.406235 
JET_NNJvtEfficiency   0.104202 +0.990258 -1.01357  0.407283   0.40855  0.407277   0.408539 
JET_Pileup_OffsetNPV   -0.0826907 +1.00947 -0.9787  0.40139   -0.00249953  0.401255   -0.0020648 
JET_Pileup_PtTerm   -0.00230771 +1.00242 -1.00343  0.403139   0.407727  0.403151   0.407728 
JET_Pileup_RhoTopology   0.689133 +0.951154 -1.43907  -0.013793   0.432908  -0.0149594   0.424542 
JET_RelativeNonClosure_AF3   -0.0207813 +1.00088 -1.00073  0.404817   0.41025  0.40482   0.410249 
PRW_DATASF   -0.011052 +1.00338 -1.00313  0.40812   0.404606  0.40812   0.404616 
FT_EFF_Eigen_B_0__1   -0.00828772 +0.999995 -0.999971  0.396834   0.417549  0.396833   0.417549 
FT_EFF_Eigen_B_2__1   0.201576 +0.965952 -1.01063  0.421215   0.395045  0.421571   0.395166 
FT_EFF_Eigen_B_3__1   0.0295616 +0.997003 -0.996868  0.377855   0.44057  0.377759   0.440668 
FT_EFF_Eigen_B_4__1   -0.000659775 +1.00001 -1.00001  0.408347   0.407166  0.408347   0.407166 
FT_EFF_Eigen_B_6__1   0.00277085 +0.999983 -0.999993  0.408264   0.407246  0.408264   0.407246 
FT_EFF_Eigen_B_7__1   0.0257714 +0.99987 -0.999836  0.392458   0.429778  0.392455   0.429781 
ttt_Xsec   -0.00948463 +0.999746 -0.999404  0.402142   0.413575  0.402141   0.413578 
JET_Flavor_Composition_Bkg   -0.223304 +1.16225 -0.957252  0.407642   0.406201  0.407808   0.405965 
JET_JER_DataVsMC_MC16   0.00489146 +0.995072 -0.993629  0.407608   0.408759  0.407606   0.408764 
JET_JER_DataVsMC_MC16_PseudoData   -0.0220938 +0.962587 -0.967174  0.410199   0.407341  0.410279   0.407323 
JET_JER_EffectiveNP_8_PseudoData   -0.508042 +1.40485 -0.923121  0.4091   -0.0177454  0.408886   -0.0196772 
EG_RESOLUTION_ALL   0.00468517 +1.01207 -1.01257  0.405523   0.406797  0.405558   0.406809 
ttt_syst_varRF   -7.86169e-05 +1 -1  0.407784   0.407782  0.407784   0.407782 
JET_Pileup_OffsetMu   -0.0105288 +0.999624 -0.995522  0.40385   0.409013  0.403848   0.409018 
MUON_CB   -0.0147983 +1.00922 -1.00952  0.407888   0.407619  0.407888   0.407621 
ttWW_Xsec   -0.113663 +1.02122 -0.981192  0.404795   0.0052048  0.404841   0.00658888 
JET_EffectiveNP_Statistical2   0.00375169 +0.994619 -0.994345  0.407708   0.407547  0.407708   0.407545 
JET_EtaIntercalibration_TotalStat   0.000212592 +0.998358 -0.997995  0.406774   0.407732  0.406772   0.407732 
others_Xsec   -0.103793 +1.01119 -0.990586  0.403527   0.00653766  0.403594   0.00660786 
EG_SCALE_ALL   0.00412749 +1.01121 -1.01144  0.404236   0.408315  0.404276   0.408309 
ttZ_Xsec   -0.0759594 +0.988543 -0.98552  0.404891   0.0132617  0.404846   0.0125751 
ttZ_Gen   0.479261 +0.767469 -1.37833  -0.0201016   0.412425  -0.0248656   0.413336 
FT_EFF_Eigen_B_8__1   -0.0236862 +1.0001 -1.00011  0.408554   0.406929  0.408553   0.406929 
ttH_Xsec   0.0134175 +0.988701 -0.988686  0.408912   0.00528988  0.408664   0.00533965 
ttH_Gen   0.0429391 +1.02576 -1.04213  0.413271   0.407645  0.413101   0.407536 
ttH_PS   0.0674239 +1.02865 -1.06555  0.0336302   0.00528084  0.0327994   0.00531054 
JET_EffectiveNP_Mixed1   -0.00122493 +0.999931 -0.999965  0.407789   0.407626  0.407789   0.407626 
JET_EffectiveNP_Mixed2   0.00603869 +0.993987 -0.993624  0.407707   0.407568  0.407706   0.407567 
CO_ShapeSyst_simple   -0.0383357 +0.938631 -0.960838  0.411407   0.407844  0.411786   0.407842 
Gstr_ShapeSyst_simple   -0.0312764 +0.955091 -0.968186  0.407111   0.407778  0.407034   0.407776 
MUON_EFF_ISO_SYS   -0.0823943 +0.972841 -1.00646  -0.0190062   0.421447  -0.0197036   0.421347 
MUON_SCALE   -0.00316237 +1.00556 -1.00563  0.407776   0.40482  0.407776   0.404838 
JET_EffectiveNP_Detector1   -0.00577613 +0.994439 -0.994795  0.407543   0.407644  0.407542   0.407643 
singleTop_Xsec   -0.204069 +1.00452 -0.972122  0.404156   0.0128202  0.404183   0.0128123 
Diboson_3jets   -0.00147455 +0.99803 -0.998525  0.407241   0.407783  0.40724   0.407782 
VV_truthgbb_3b   -0.120711 +0.790189 -0.86605  0.413588   0.00694866  0.0127231   0.00683597 
VV_truthgbb_4b   0.229547 +1.01828 -1.21391  0.399224   0.00719328  0.399359   0.00728066 
FT_EFF_Eigen_C_3__1   0.0326668 +0.993432 -1.01238  0.393557   0.0170509  0.393462   0.420636 
FT_EFF_Eigen_Light_0__1   0.203902 +0.980592 -1.00118  0.0217366   0.392317  0.0225279   0.392334 
Diboson_syst_varRF   0.0122184 +0.991602 -0.991646  0.408701   0.406965  0.40867   0.406959 
FT_EFF_Eigen_Light_1__1   -0.0116906 +1.00008 -0.999777  0.40724   0.408332  0.40724   0.408332 
FT_EFF_Eigen_Light_8__1   0.00101264 +0.99999 -0.999992  0.407887   0.407624  0.407887   0.407624 
FT_EFF_Eigen_B_1__1   -0.000580542 +0.999989 -0.999983  0.407911   0.40762  0.407911   0.40762 
JET_EffectiveNP_Modelling3   -0.00559022 +0.992956 -0.993274  0.407496   0.407835  0.407494   0.407836 
FT_EFF_Eigen_C_5__1   0.0138027 +0.999863 -0.999865  0.407089   0.408368  0.407089   0.408368 
gamma_stat_CR1b3le_lep_2_pt_bin_0   0.00262479 +1.0031 -1.00166  0.404853   0.410845  0.404864   0.41084 
gamma_stat_CR1b3le_lep_2_pt_bin_1   0.000511166 +0.981885 -0.936341  0.406971   0.408428  0.406957   0.408469 
NF_ttbar_CO   0.0158707 +0.302594 -0.277301  0.0010302   0.406989  0   0 
NF_ttbar_gstr   -0.050974 +0.216752 -0.188442  0.407789   -0.00136136  0   0 
NF_ttbar_HFe   -0.314849 +0.225646 -0.20051  0.0100758   0.403702  0   0 
NF_ttbar_HFm   -0.0275216 +0.168076 -0.163215  0.012604   0.404092  0   0 
NF_ttW_4j_plus   0.189801 +0.175494 -0.16917  0.41095   0.00194442  0   0 
scaling_a   0.424033 +0.107381 -0.106387  -0.0433353   0.439948  0   0 
scaling_b   0.358897 +0.234146 -0.221604  0.426345   0.38781  0   0 
NF_ttW_4j_minus   0.0710277 +0.26944 -0.257369  0.408951   0.00712047  0   0 
tttt_syst_varRF   0.0507237 +0.999646 -0.999637  0.407651   0.407969  0.407651   0.407969 
MUON_SAGITTA_GLOBAL   -0.00517139 +1.00135 -1.00145  0.407859   0.405188  0.407859   0.405192 
JET_EffectiveNP_Modelling2   0.00416586 +0.99323 -0.992964  0.407751   0.407578  0.407751   0.407576 
FT_EFF_Eigen_C_1__1   -0.00140682 +0.999993 -1.00001  0.40756   0.408004  0.40756   0.408004 
ttW_syst_varRF   0.0268165 +0.999891 -0.999872  0.408203   0.407321  0.408203   0.407321 
FT_EFF_Eigen_B_10__1   0.00283191 +1.00004 -1.00004  0.405861   0.409686  0.405861   0.409685 
gamma_stat_CR1b3lm_lep_2_pt_bin_0   0.00340462 +1.00266 -0.984205  0.406233   0.409192  0.406237   0.408823 
gamma_stat_CR1b3lm_lep_2_pt_bin_1   -0.0121789 +0.977177 -0.94581  0.407181   0.40843  0.407169   0.408445 
ttZ_high_mll_syst_MUR05_MUF05   -0.130963 +0.993148 -0.993176  0.399484   0.415026  0.39943   0.415079 
FT_EFF_Eigen_C_0__1   -0.00159752 +1 -1  0.408024   0.407492  0.408024   0.407492 
ttH_syst_varRF   -0.105051 +0.9933 -0.9934  0.398187   0.415922  0.398126   0.415981 
JET_EffectiveNP_Detector2   -1.23568e-12 +1 -1  0.407783   0.407783  0.407783   0.407783 
JET_EffectiveNP_Mixed3   0.00032463 +0.999676 -0.999675  0.407783   0.407833  0.407783   0.407833 
JET_EffectiveNP_Modelling4   -1.23568e-12 +1 -1  0.407783   0.407783  0.407783   0.407783 
JET_EffectiveNP_Statistical1   -1.23568e-12 +1 -1  0.407783   0.407783  0.407783   0.407783 
JET_EffectiveNP_Statistical4   0.000108258 +1.00011 -1.00011  0.407722   0.407783  0.407722   0.407783 
JET_EffectiveNP_Statistical5   0.000216253 +0.999784 -0.999785  0.407783   0.407772  0.407783   0.407772 
JET_EffectiveNP_Statistical6   -1.23568e-12 +1 -1  0.407783   0.407783  0.407783   0.407783 
MUON_SAGITTA_DATASTAT   9.35441e-06 +1.00001 -1.00001  0.407767   0.407783  0.407767   0.407783 
MUON_SAGITTA_PTEXTRA   -0.00133072 +0.999929 -0.999937  0.407804   0.407743  0.407804   0.407743 
Diboson_4jets   -0.102227 +0.720448 -0.888568  0.418467   0.408036  0.424261   0.408088 
Diboson_5jets   -0.199997 +0.527277 -0.727123  0.0139368   0.00778491  0.431123   0.00792837 
JET_Flavor_Composition_Sig   0.000216376 +0.999996 -0.999997  0.402213   0.413243  0.402213   0.413243 
gamma_stat_CR1bminus_nJets_bin_0   -0.00105803 +0.999131 -0.970322  0.408761   0.406929  0.408762   0.406906 
gamma_stat_CR1bminus_nJets_bin_1   -0.00518888 +0.994929 -0.966979  0.407966   0.407076  0.40791   0.407051 
gamma_stat_CR1bminus_nJets_bin_2   0.0101704 +0.987959 -0.970844  0.408136   0.407421  0.40814   0.407424 
gamma_stat_CR1bminus_nJets_bin_3   -0.00135546 +0.983846 -0.960364  0.408466   0.407019  0.408481   0.407022 
gamma_stat_CR1bminus_nJets_bin_4   -0.0147293 +0.976245 -0.937933  0.409046   0.406502  0.409071   0.406423 
gamma_stat_CR1bminus_nJets_bin_5   -0.0491194 +0.95169 -0.871053  0.411023   0.404705  0.41124   0.404237 
gamma_stat_CR1bminus_nJets_bin_6   -0.0690845 +0.919922 -0.763862  0.417947   0.397412  0.418793   0.39412 
FT_EFF_Eigen_B_5__1   -0.000120301 +1 -1  0.407754   0.407811  0.407754   0.407811 
FT_EFF_Eigen_B_9__1   0.00034834 +1 -1  0.407567   0.40795  0.407567   0.40795 
FT_EFF_Eigen_C_2__1   -0.000702388 +1 -1  0.407745   0.407775  0.407745   0.407775 
FT_EFF_Eigen_C_6__1   2.69068e-12 +1 -1  0.407783   0.407783  0.407783   0.407783 
FT_EFF_Eigen_Light_2__1   -0.00272334 +1 -0.999986  0.406848   0.408652  0.406848   0.408652 
JET_EffectiveNP_Statistical3   2.69068e-12 +1 -1  0.407783   0.407783  0.407783   0.407783 
FT_EFF_Eigen_Light_3__1   -0.00137216 +1 -1  0.407773   0.407746  0.407773   0.407746 
gamma_stat_CR1bplus_nJets_bin_0   -0.000781169 +1.00563 -0.973575  0.409943   0.405556  0.409866   0.4055 
gamma_stat_CR1bplus_nJets_bin_1   -0.0054723 +0.996527 -0.968784  0.409039   -0.0014001  0.409043   -0.00148402 
gamma_stat_CR1bplus_nJets_bin_2   -0.00577928 +0.980077 -0.964861  0.409689   0.405855  0.409587   0.405774 
gamma_stat_CR1bplus_nJets_bin_3   0.00693745 +0.985232 -0.963129  0.410647   0.404676  0.410718   0.404561 
gamma_stat_CR1bplus_nJets_bin_4   0.0533678 +1.00109 -0.958436  0.412313   0.402905  0.412308   0.402699 
gamma_stat_CR1bplus_nJets_bin_5   0.0708695 +0.977216 -0.877127  0.416562   0.398467  0.416823   0.397185 
gamma_stat_CR1bplus_nJets_bin_6   -0.205255 +0.818685 -0.646649  0.427222   -0.021852  0.431256   -0.0402324 
Other_truthgbb_3b   -0.0122986 +0.983642 -0.987624  0.399978   0.407704  0.399839   0.407704 
Other_truthgbb_4b   0.0069132 +1.00829 -1.00689  0.399806   0.408023  0.399884   0.407977 
FT_EFF_Eigen_C_9__1   5.18901e-12 +1 -1  0.407783   0.407783  0.407783   0.407783 
ttW_truthgbb_4b   0.0194726 +1.02075 -1.0193  0.387409   0.409952  0.387915   0.409906 
gamma_stat_CRttW2l_minus_nJets_bin_0   0.00323846 +0.995312 -0.982441  0.407912   0.407551  0.407913   0.407548 
gamma_stat_CRttW2l_minus_nJets_bin_1   -0.00178343 +0.989208 -0.97588  0.405539   0.409913  0.405507   0.410026 
gamma_stat_CRttW2l_minus_nJets_bin_2   -0.0017733 +0.979591 -0.970192  0.404212   0.411115  0.404136   0.411221 
gamma_stat_CRttW2l_plus_nJets_bin_0   0.000320576 +0.998888 -0.988636  0.407529   0.408045  0.407529   0.408047 
gamma_stat_CRttW2l_plus_nJets_bin_1   0.00140176 +0.993274 -0.982192  0.405956   0.409782  0.405905   0.409501 
gamma_stat_CRttW2l_plus_nJets_bin_2   -0.00622884 +0.981916 -0.979169  0.404775   0.410457  0.404722   0.410517 
gamma_stat_CRttbarCO2l_CO_1_bin_0   0.000556055 +1.00574 -0.99204  0.40636   0.4093  0.406374   0.409314 
ttt_truthgbb_4b   0.00361628 +1.00427 -1.00362  0.403713   0.407855  0.403734   0.407808 
ttH_truthgbb_3b   -0.00786333 +0.984227 -0.992106  0.397867   0.407683  0.3977   0.407682 
gamma_stat_CRttbarCO2l_gstr_1_bin_0   0.000588453 +1.01409 -0.985335  0.40771   0.407875  0.407711   0.407876 
gamma_stat_SR2b2l_HT_all_bin_0   -0.000161331 +0.986628 -0.975619  0.413289   0.401775  0.413364   0.401632 
gamma_stat_SR2b2l_HT_all_bin_1   0.00417158 +0.995596 -0.984761  0.411832   0.403706  0.411849   0.403644 
gamma_stat_SR2b2l_HT_all_bin_2   -0.00107605 +0.996526 -0.985362  0.41044   0.405033  0.410449   0.404992 
gamma_stat_SR2b2l_HT_all_bin_3   -0.00057916 +1.00083 -0.99074  0.40696   0.408547  0.406961   0.408554 
MUON_EFF_ISO_STAT   0.000169469 +1 -1  0.407769   0.407797  0.407769   0.407797 
MUON_EFF_RECO_SYS   -1.879e-05 +1 -1  0.407783   0.407783  0.407783   0.407783 
FT_EFF_Eigen_C_10__1   5.18901e-12 +1 -1  0.407783   0.407783  0.407783   0.407783 
FT_EFF_Eigen_Light_4__1   0.000347776 +1.00001 -1  0.407676   0.407841  0.407676   0.407841 
FT_EFF_Eigen_Light_9__1   -7.98785e-05 +1 -1  0.407798   0.407768  0.407798   0.407768 
FT_EFF_Eigen_C_8__1   0.000193245 +1 -1  0.407776   0.40779  0.407776   0.40779 
gamma_stat_SR2b3l4l_HT_all_bin_0   0.0020757 +1.00387 -0.979218  0.407011   0.408466  0.407015   0.408481 
gamma_stat_SR2b3l4l_HT_all_bin_1   -0.00234426 +1.00368 -0.980921  0.407432   0.408083  0.407433   0.408088 
gamma_stat_SR2b3l4l_HT_all_bin_2   -0.0014123 +1.00315 -0.987062  0.405223   0.410166  0.40523   0.410197 
ttZ_truthgbb_3b   -0.00942831 +0.984026 -0.990527  0.400655   0.407698  0.400534   0.407697 
ttW_truthgbb_3b   -0.022738 +0.964078 -0.976989  0.382469   0.407097  0.381479   0.407096 
gamma_stat_SR3b2l_HT_all_bin_0   0.00505639 +0.992384 -0.969549  0.40906   0.406541  0.409069   0.406499 
gamma_stat_SR3b2l_HT_all_bin_1   -0.00116421 +0.99896 -0.978626  0.407646   0.407822  0.407645   0.407823 
gamma_stat_SR3b2l_HT_all_bin_2   -0.00518573 +0.999803 -0.982562  0.403521   0.411517  0.40352   0.411587 
gamma_stat_SR3b2l_HT_all_bin_3   0.000475756 +1.00558 -0.990762  0.395855   0.417839  0.395916   0.417941 
FT_EFF_Eigen_Light_6__1   -6.89794e-12 +1 -1  0.407783   0.407783  0.407783   0.407783 
gamma_stat_SR3b3l4l_HT_all_bin_0   -7.19241e-05 +1.00746 -0.97763  0.406113   0.409244  0.406126   0.409279 
gamma_stat_SR3b3l4l_HT_all_bin_1   0.000484446 +1.00838 -0.988576  0.39994   0.414606  0.400002   0.41469 
ttZ_truthgbb_4b   0.00548471 +1.00625 -1.00548  0.401529   0.408034  0.401574   0.407988 
ttH_truthgbb_4b   0.00584022 +1.00652 -1.00583  0.401353   0.408058  0.401401   0.408012 
gamma_stat_SR4b_HT_all_bin_0   8.40511e-05 +1.00727 -0.98544  0.408736   0.40588  0.408729   0.405855 
gamma_stat_SR4b_HT_all_bin_1   0.000265798 +1.00346 -0.99553  0.398541   0.417546  0.398574   0.417589 
