tttt_Xsec   -0.056981 +0.980806 -0.977854  0.366267   0.0650046  0.364159   0.0660884 
tttt_syst_PS   -0.0462425 +0.929379 -0.952521  0.444261   0.429609  0.445571   0.429608 
tttt_Gen   -0.0305989 +0.96867 -0.968891  0.349827   0.450534  0.346157   0.450534 
JET_BJES_Response   -0.00460349 +1.0038 -1.00174  0.428347   0.432573  0.428354   0.432569 
JET_EffectiveNP_Modelling1   -0.121049 +1.05207 -1.00269  0.421008   0.429975  0.421567   0.429972 
JET_EtaIntercalibration_Modelling   -0.0161736 +0.970435 -0.968728  0.426718   0.430507  0.426613   0.43052 
JET_EtaIntercalibration_NonClosure_PreRec   -0.0501516 +1.05446 -0.993767  0.423464   0.427775  0.423912   0.427756 
JET_Flavor_Response   0.215056 +0.986518 -1.11274  0.425422   0.43216  0.425322   0.432043 
JET_InSitu_NonClosure_PreRec   0.630613 +0.963262 -1.43163  -0.0148203   0.456588  -0.0155578   0.44756 
JET_JERUnc_Noise_PreRec   -0.823769 +0.967302 -0.868534  0.429162   0.00679929  0.429104   0.006787 
JET_JERUnc_Noise_PreRec_PseudoData   -0.1099 +0.789655 -0.886654  0.441074   0.42903  0.44462   0.42885 
JET_JER_EffectiveNP_1   0.760493 +0.909736 -1.39252  -0.0110668   0.430861  -0.0128206   0.431275 
JET_JER_EffectiveNP_1_PseudoData   0.0211761 +0.940684 -0.926211  0.429474   0.433676  0.429435   0.433906 
JET_JER_EffectiveNP_2   0.535325 +0.87165 -1.42712  -0.000267752   0.430136  -0.000265759   0.430409 
JET_JER_EffectiveNP_2_PseudoData   0.106256 +0.874322 -0.772539  0.429803   0.432713  0.429751   0.433553 
JET_JER_EffectiveNP_3   -0.732351 +1.4555 -0.920414  0.430787   -0.00588094  0.431199   -0.00705181 
JET_JER_EffectiveNP_3_PseudoData   -0.0213678 +0.938714 -0.951291  0.433315   0.42942  0.433493   0.429388 
JET_JER_EffectiveNP_4   -0.79085 +1.07702 -0.873468  0.431489   -0.00718497  0.431448   -0.00910478 
JET_JER_EffectiveNP_4_PseudoData   -0.0921036 +0.810131 -0.892957  0.432732   0.430125  0.43333   0.430126 
JET_JER_EffectiveNP_5   0.0417473 +0.974074 -0.966764  0.431308   0.432322  0.431334   0.432385 
JET_JER_EffectiveNP_5_PseudoData   0.0303798 +0.964639 -0.956512  0.430703   0.430089  0.430837   0.430083 
JET_JER_EffectiveNP_6   0.00887797 +0.983833 -0.983385  0.428623   0.430513  0.428596   0.430522 
JET_JER_EffectiveNP_6_PseudoData   -0.00589935 +0.967208 -0.974876  0.430317   0.43033  0.430304   0.430334 
JET_JER_EffectiveNP_7   0.00167225 +1.004 -1.00441  0.430093   0.430663  0.430094   0.43066 
JET_JER_EffectiveNP_7_PseudoData   -0.0106119 +0.956843 -0.956174  0.429665   0.429665  0.429648   0.429635 
JET_JER_EffectiveNP_8   0.662278 +0.909556 -1.45831  -0.0109486   0.430784  -0.0125362   0.431123 
JET_JER_EffectiveNP_9   -0.00734609 +0.984821 -0.984983  0.431123   0.42852  0.431145   0.428494 
JET_JER_EffectiveNP_9_PseudoData   0.0182454 +0.969952 -0.962965  0.430115   0.429664  0.430113   0.429637 
JET_JER_EffectiveNP_10   -0.00591503 +0.987129 -0.986603  0.430346   0.431839  0.430349   0.431856 
JET_JER_EffectiveNP_10_PseudoData   -0.00334434 +0.964243 -0.969828  0.431345   0.429092  0.431372   0.429059 
JET_JER_EffectiveNP_11   0.0252005 +0.990159 -0.988338  0.429429   0.430814  0.429422   0.430828 
JET_JER_EffectiveNP_11_PseudoData   -0.00311854 +0.947811 -0.944795  0.429295   0.430386  0.429243   0.430384 
JET_JER_EffectiveNP_12restTerm   -0.0120424 +0.98567 -0.986914  0.429827   0.43003  0.429819   0.430029 
JET_JER_EffectiveNP_12restTerm_PseudoData   0.0236493 +0.980155 -0.972401  0.430009   0.428413  0.430008   0.428359 
JET_JESUnc_Noise_PreRec   -0.106768 +1.05318 -1.00051  0.421766   0.429959  0.422292   0.42996 
JET_JESUnc_VertexingAlg_PreRec   0.224432 +0.915453 -1.426  -0.0171391   0.0120227  -0.018464   0.428385 
JET_NNJvtEfficiency   0.103937 +0.990287 -1.01399  0.429664   0.430841  0.429659   0.430828 
JET_Pileup_OffsetNPV   -0.0827344 +1.00997 -0.978777  0.423841   -0.00271078  0.423944   -0.00235113 
JET_Pileup_PtTerm   -0.00231285 +1.00241 -1.00342  0.425325   0.429993  0.425338   0.429994 
JET_Pileup_RhoTopology   0.688445 +0.951135 -1.43996  -0.0151925   0.456462  -0.0161766   0.447371 
JET_RelativeNonClosure_AF3   -0.0208679 +1.00087 -1.00072  0.4273   0.43236  0.427303   0.432358 
PRW_DATASF   -0.0112858 +1.00333 -1.00304  0.429582   0.427379  0.429584   0.427388 
FT_EFF_Eigen_B_0__1   -0.00847467 +0.999992 -0.999967  0.418602   0.440219  0.418602   0.44022 
FT_EFF_Eigen_B_2__1   0.200999 +0.96603 -1.01096  0.443198   0.417639  0.443559   0.41802 
FT_EFF_Eigen_B_3__1   0.0292806 +0.996998 -0.996859  0.400331   0.462263  0.400223   0.46236 
FT_EFF_Eigen_B_4__1   -0.000649713 +1.00001 -1.00001  0.430688   0.429428  0.430688   0.429428 
FT_EFF_Eigen_B_6__1   0.00259688 +0.999984 -0.999994  0.43029   0.42983  0.43029   0.42983 
FT_EFF_Eigen_B_7__1   0.0257754 +0.999873 -0.999837  0.413501   0.45353  0.413498   0.453533 
ttt_Xsec   -0.0096729 +0.999754 -0.999403  0.424074   0.436263  0.424072   0.436266 
JET_Flavor_Composition_Bkg   -0.223108 +1.16256 -0.95768  0.427809   0.43126  0.428215   0.430897 
JET_JER_DataVsMC_MC16   0.0048271 +0.995147 -0.993702  0.429925   0.431021  0.429924   0.431026 
JET_JER_DataVsMC_MC16_PseudoData   -0.0220999 +0.962698 -0.967281  0.432365   0.429801  0.432443   0.429787 
JET_JER_EffectiveNP_8_PseudoData   -0.506759 +1.40343 -0.923642  0.431467   -0.019218  0.431236   -0.0214702 
EG_RESOLUTION_ALL   0.00467272 +1.01207 -1.01258  0.427732   0.429157  0.427761   0.429171 
ttt_syst_varRF   -7.8506e-05 +1 -1  0.430062   0.430059  0.430062   0.430059 
JET_Pileup_OffsetMu   -0.0106368 +0.999633 -0.995535  0.426032   0.431369  0.42603   0.431374 
MUON_CB   -0.0147693 +1.00922 -1.00952  0.43024   0.429918  0.43024   0.42992 
ttWW_Xsec   -0.113984 +1.02173 -0.981158  0.427013   0.00569441  0.427026   0.00590985 
JET_EffectiveNP_Statistical2   0.00376024 +0.994604 -0.99433  0.430053   0.429819  0.430053   0.429818 
JET_EtaIntercalibration_TotalStat   0.000205456 +0.99834 -0.997977  0.429002   0.43009  0.429   0.43009 
others_Xsec   -0.103783 +1.01119 -0.990601  0.42516   0.00103821  0.42527   0.00701071 
EG_SCALE_ALL   0.00408146 +1.01122 -1.01144  0.42653   0.430627  0.426579   0.430621 
ttZ_Xsec   -0.0762324 +0.988553 -0.985509  0.426935   0.0140308  0.42655   0.0140701 
ttZ_Gen   0.478 +0.767885 -1.37846  -0.0215144   0.434844  -0.0268218   0.435666 
FT_EFF_Eigen_B_8__1   -0.0235217 +1.0001 -1.00011  0.430914   0.429185  0.430914   0.429185 
ttH_Xsec   0.0132801 +0.988699 -0.988693  0.43097   0.00573755  0.430713   0.00593189 
ttH_Gen   0.0430645 +1.02581 -1.04225  0.435117   0.429864  0.435028   0.429865 
ttH_PS   0.0678602 +1.02878 -1.06596  0.035464   0.00621064  0.0346886   0.00574163 
JET_EffectiveNP_Mixed1   -0.00122322 +0.999932 -0.999967  0.430052   0.429964  0.430052   0.429964 
JET_EffectiveNP_Mixed2   0.00605169 +0.993975 -0.993612  0.430044   0.42983  0.430044   0.429829 
CO_ShapeSyst_simple   -0.0383422 +0.95115 -0.960831  0.433405   0.430126  0.434087   0.430125 
Gstr_ShapeSyst_simple   -0.0312625 +0.95511 -0.968201  0.428882   0.430063  0.429176   0.430063 
MUON_EFF_ISO_SYS   -0.0830086 +0.972953 -1.00692  -0.0201395   0.444416  -0.0206622   0.444303 
MUON_SCALE   -0.00315603 +1.00555 -1.00563  0.4301   0.427014  0.4301   0.427032 
JET_EffectiveNP_Detector1   -0.00579153 +0.994425 -0.994781  0.429818   0.429979  0.429817   0.429978 
singleTop_Xsec   -0.204127 +1.00452 -0.972109  0.426484   0.0132101  0.426449   0.00623763 
Diboson_3jets   -0.001491 +0.998015 -0.998508  0.42959   0.430061  0.429589   0.430061 
VV_truthgbb_3b   -0.120616 +0.790825 -0.866175  0.435611   0.00767319  0.0136885   0.000665858 
VV_truthgbb_4b   0.228826 +1.01855 -1.21328  0.421549   0.430767  0.421713   0.430723 
FT_EFF_Eigen_C_3__1   0.0320578 +0.993505 -1.01298  0.415211   0.443715  0.415111   0.443551 
FT_EFF_Eigen_Light_0__1   0.204758 +0.980676 -1.00164  0.0232295   0.413913  0.0240552   0.413938 
Diboson_syst_varRF   0.0122526 +0.991606 -0.991653  0.431267   0.429221  0.431127   0.429214 
FT_EFF_Eigen_Light_1__1   -0.0117105 +1.00008 -0.999777  0.429529   0.43068  0.429529   0.43068 
FT_EFF_Eigen_Light_8__1   0.0010285 +0.99999 -0.999992  0.430205   0.429914  0.430205   0.429914 
FT_EFF_Eigen_B_1__1   -0.00055848 +0.999984 -0.999979  0.430195   0.429928  0.430195   0.429928 
JET_EffectiveNP_Modelling3   -0.00560407 +0.992939 -0.993258  0.429776   0.430152  0.429774   0.430153 
FT_EFF_Eigen_C_5__1   0.0137788 +0.999863 -0.999866  0.429362   0.430725  0.429362   0.430726 
gamma_stat_CR1b3le_lep_2_pt_bin_0   0.00262036 +1.00314 -1.00207  0.427321   0.433057  0.427317   0.433051 
gamma_stat_CR1b3le_lep_2_pt_bin_1   0.00050734 +0.981891 -0.936364  0.429377   0.430722  0.429363   0.430732 
NF_ttbar_CO   0.015732 +0.30259 -0.277305  0.00123349   0.429128  0   0 
NF_ttbar_gstr   -0.050935 +0.216763 -0.189546  0.42973   0.0018232  0   0 
NF_ttbar_HFe   -0.314802 +0.225679 -0.200561  0.0102945   0.425941  0   0 
NF_ttbar_HFm   -0.0275335 +0.168095 -0.163273  0.0122071   0.425954  0   0 
NF_ttW_4j_plus   0.189857 +0.175596 -0.169183  0.433708   0.00912223  0   0 
scaling_a   0.42409 +0.107441 -0.106458  -0.0450618   0.461942  0   0 
scaling_b   0.358627 +0.234297 -0.221659  0.448049   0.410577  0   0 
NF_ttW_4j_minus   0.0709972 +0.269585 -0.257401  0.431154   0.00707087  0   0 
tttt_syst_varRF   0.0507375 +0.999645 -0.999636  0.429903   0.430277  0.429903   0.430277 
MUON_SAGITTA_GLOBAL   -0.00517847 +1.00136 -1.00146  0.430136   0.427307  0.430135   0.427312 
JET_EffectiveNP_Modelling2   0.00417737 +0.993213 -0.992946  0.430071   0.429854  0.430071   0.429853 
FT_EFF_Eigen_C_1__1   -0.00140389 +0.999993 -1.00001  0.429818   0.430302  0.429818   0.430302 
ttW_syst_varRF   0.0268446 +0.999892 -0.999872  0.430497   0.429634  0.430497   0.429633 
FT_EFF_Eigen_B_10__1   0.00283845 +1.00004 -1.00004  0.428027   0.432118  0.428027   0.432118 
FT_EFF_Eigen_B_9__1   0.000344964 +1 -1  0.429842   0.430278  0.429842   0.430278 
gamma_stat_CR1b3lm_lep_2_pt_bin_0   0.00340078 +1.00267 -0.984204  0.428561   0.431112  0.428565   0.431497 
gamma_stat_CR1b3lm_lep_2_pt_bin_1   -0.0121813 +0.977179 -0.945826  0.429513   0.430785  0.429501   0.430814 
ttZ_high_mll_syst_MUR05_MUF05   -0.131172 +0.993118 -0.993146  0.422164   0.437059  0.422112   0.437109 
FT_EFF_Eigen_C_0__1   -0.00159883 +1 -1  0.430368   0.429751  0.430368   0.429751 
ttH_syst_varRF   -0.105386 +0.993281 -0.993383  0.420983   0.437872  0.420925   0.437928 
JET_EffectiveNP_Detector2   1.44932e-11 +1 -1  0.430061   0.430061  0.430061   0.430061 
JET_EffectiveNP_Mixed3   0.000323211 +0.999677 -0.999676  0.430061   0.430109  0.430061   0.430109 
JET_EffectiveNP_Modelling4   1.44932e-11 +1 -1  0.430061   0.430061  0.430061   0.430061 
JET_EffectiveNP_Statistical1   1.44932e-11 +1 -1  0.430061   0.430061  0.430061   0.430061 
JET_EffectiveNP_Statistical4   0.000108258 +1.00011 -1.00011  0.429998   0.43006  0.429998   0.43006 
JET_EffectiveNP_Statistical5   0.000214833 +0.999785 -0.999787  0.430061   0.430046  0.430061   0.430046 
JET_EffectiveNP_Statistical6   1.44932e-11 +1 -1  0.430061   0.430061  0.430061   0.430061 
MUON_SAGITTA_DATASTAT   9.15302e-06 +1.00001 -1.00001  0.430046   0.430061  0.430046   0.430061 
MUON_SAGITTA_PTEXTRA   -0.00132997 +0.999925 -0.999933  0.43008   0.430074  0.43008   0.430074 
Diboson_4jets   -0.102056 +0.720597 -0.888785  0.440198   0.430355  0.445514   0.430353 
Diboson_5jets   -0.199899 +0.527738 -0.727384  0.0152093   0.00867445  0.453698   0.0088144 
JET_Flavor_Composition_Sig   0.00025708 +0.999996 -0.999996  0.423333   0.43661  0.423333   0.43661 
gamma_stat_CR1bminus_nJets_bin_0   -0.00105614 +0.999608 -0.970353  0.431019   0.429186  0.431019   0.429159 
gamma_stat_CR1bminus_nJets_bin_1   -0.00518521 +0.995421 -0.967005  0.430378   0.429938  0.430254   0.429978 
gamma_stat_CR1bminus_nJets_bin_2   0.0101652 +0.987994 -0.970868  0.430054   0.429812  0.430067   0.429829 
gamma_stat_CR1bminus_nJets_bin_3   -0.00135573 +0.983872 -0.960403  0.430734   0.429431  0.430779   0.429398 
gamma_stat_CR1bminus_nJets_bin_4   -0.0147139 +0.976286 -0.937994  0.431313   0.428907  0.43134   0.428831 
gamma_stat_CR1bminus_nJets_bin_5   -0.0491587 +0.951633 -0.870963  0.433245   0.427049  0.433405   0.426598 
gamma_stat_CR1bminus_nJets_bin_6   -0.0696028 +0.918845 -0.762223  0.440359   0.419467  0.441237   0.416045 
FT_EFF_Eigen_B_5__1   -0.000123348 +1 -1  0.430034   0.430087  0.430034   0.430087 
FT_EFF_Eigen_C_2__1   -0.000701891 +1 -1  0.43007   0.430052  0.43007   0.430052 
FT_EFF_Eigen_C_6__1   -2.31473e-12 +1 -1  0.430061   0.430061  0.430061   0.430061 
FT_EFF_Eigen_Light_2__1   -0.00275124 +1 -0.999986  0.429128   0.430983  0.429128   0.430983 
JET_EffectiveNP_Statistical3   -2.31473e-12 +1 -1  0.430061   0.430061  0.430061   0.430061 
FT_EFF_Eigen_Light_3__1   -0.00136979 +1 -1  0.430098   0.430024  0.430098   0.430024 
gamma_stat_CR1bplus_nJets_bin_0   -0.000778729 +1.00612 -0.973614  0.432082   0.427945  0.432062   0.427896 
gamma_stat_CR1bplus_nJets_bin_1   -0.00546659 +0.997054 -0.968812  0.431342   -0.00138237  0.431346   -0.00142103 
gamma_stat_CR1bplus_nJets_bin_2   -0.0057742 +0.980089 -0.964876  0.431961   0.428084  0.431907   0.428073 
gamma_stat_CR1bplus_nJets_bin_3   0.00693455 +0.98525 -0.963159  0.433032   0.427019  0.433032   0.426904 
gamma_stat_CR1bplus_nJets_bin_4   0.0534549 +1.0011 -0.958414  0.434998   0.425075  0.434994   0.424875 
gamma_stat_CR1bplus_nJets_bin_5   0.0710721 +0.977138 -0.876943  0.439036   0.420567  0.43925   0.41922 
gamma_stat_CR1bplus_nJets_bin_6   -0.206218 +0.817463 -0.645053  0.449661   0.407661  0.453748   -0.0427373 
Other_truthgbb_3b   -0.0124783 +0.983437 -0.987442  0.422075   0.429976  0.42193   0.429976 
Other_truthgbb_4b   0.00692912 +1.0083 -1.00691  0.421449   0.430306  0.421533   0.430306 
FT_EFF_Eigen_C_9__1   -2.25712e-12 +1 -1  0.430061   0.430061  0.430061   0.430061 
ttW_truthgbb_4b   0.0194591 +1.02073 -1.01928  0.408548   0.432149  0.409077   0.43215 
gamma_stat_CRttW2l_minus_nJets_bin_0   0.00323889 +0.995322 -0.982457  0.430263   0.429845  0.430264   0.429842 
gamma_stat_CRttW2l_minus_nJets_bin_1   -0.00178125 +0.989225 -0.97592  0.427902   0.432277  0.427887   0.432317 
gamma_stat_CRttW2l_minus_nJets_bin_2   -0.00178251 +0.97968 -0.970578  0.426424   0.433524  0.426348   0.43363 
gamma_stat_CRttW2l_plus_nJets_bin_0   0.000318002 +0.998888 -0.988643  0.42982   0.430362  0.42982   0.430365 
gamma_stat_CRttW2l_plus_nJets_bin_1   0.00140397 +0.99328 -0.982221  0.428346   0.431703  0.428282   0.431936 
gamma_stat_CRttW2l_plus_nJets_bin_2   -0.00623195 +0.981971 -0.979628  0.427182   0.432718  0.427127   0.432774 
gamma_stat_CRttbarCO2l_CO_1_bin_0   0.000557356 +1.00574 -0.992044  0.428756   0.431536  0.428766   0.431547 
ttt_truthgbb_4b   0.00364691 +1.00431 -1.00365  0.425582   0.430136  0.425605   0.430136 
ttH_truthgbb_3b   -0.00819429 +0.983914 -0.991772  0.419675   0.429948  0.419497   0.429948 
gamma_stat_CRttbarCO2l_gstr_1_bin_0   0.000586115 +1.0141 -0.985333  0.430026   0.430002  0.430029   0.430001 
gamma_stat_SR2b2l_HT_all_bin_0   -0.000155156 +0.986672 -0.975652  0.435573   0.424149  0.435648   0.424006 
gamma_stat_SR2b2l_HT_all_bin_1   0.00416851 +0.995604 -0.984778  0.43405   0.426093  0.434067   0.426032 
gamma_stat_SR2b2l_HT_all_bin_2   -0.00107706 +0.996508 -0.98532  0.432962   0.427125  0.432971   0.427081 
gamma_stat_SR2b2l_HT_all_bin_3   -0.000582764 +1.00083 -0.990751  0.429057   0.43104  0.429058   0.431049 
MUON_EFF_ISO_STAT   0.000168561 +1 -1  0.430047   0.430074  0.430047   0.430074 
MUON_EFF_RECO_SYS   -1.88387e-05 +1 -1  0.430061   0.430061  0.430061   0.430061 
FT_EFF_Eigen_C_10__1   -2.25712e-12 +1 -1  0.430061   0.430061  0.430061   0.430061 
FT_EFF_Eigen_Light_4__1   0.00033702 +1.00001 -1  0.429959   0.43016  0.429959   0.43016 
FT_EFF_Eigen_Light_9__1   -7.83413e-05 +1 -1  0.430075   0.430047  0.430075   0.430047 
FT_EFF_Eigen_C_8__1   0.00019352 +1 -1  0.430054   0.430068  0.430054   0.430068 
gamma_stat_SR2b3l4l_HT_all_bin_0   0.00207342 +1.00387 -0.979217  0.429348   0.430757  0.429351   0.430771 
gamma_stat_SR2b3l4l_HT_all_bin_1   -0.00233004 +1.00369 -0.981028  0.429587   0.430513  0.429589   0.430521 
gamma_stat_SR2b3l4l_HT_all_bin_2   -0.00143355 +1.00312 -0.986896  0.427861   0.432136  0.427868   0.432164 
ttZ_truthgbb_3b   -0.00971649 +0.983742 -0.990236  0.422624   0.429968  0.422497   0.429968 
ttW_truthgbb_3b   -0.0232428 +0.963482 -0.976471  0.404731   0.42936  0.40373   0.429359 
gamma_stat_SR3b2l_HT_all_bin_0   0.00504913 +0.992392 -0.969564  0.431485   0.428694  0.431495   0.428648 
gamma_stat_SR3b2l_HT_all_bin_1   -0.00117167 +0.999055 -0.978864  0.429247   0.430793  0.429246   0.430809 
gamma_stat_SR3b2l_HT_all_bin_2   -0.00524182 +0.999764 -0.982442  0.425868   0.43383  0.425867   0.4339 
gamma_stat_SR3b2l_HT_all_bin_3   0.000490207 +1.00561 -0.990495  0.418545   0.439842  0.418605   0.439944 
FT_EFF_Eigen_Light_6__1   -1.56142e-12 +1 -1  0.430061   0.430061  0.430061   0.430061 
gamma_stat_SR3b3l4l_HT_all_bin_0   -8.4355e-05 +1.00745 -0.97764  0.428389   0.431573  0.428402   0.431608 
gamma_stat_SR3b3l4l_HT_all_bin_1   0.00049127 +1.00848 -0.988367  0.422339   0.436829  0.422401   0.436913 
ttZ_truthgbb_4b   0.0055502 +1.00632 -1.00554  0.42306   0.430328  0.423111   0.430328 
ttH_truthgbb_4b   0.0059215 +1.00661 -1.00591  0.422895   0.430353  0.422948   0.430353 
gamma_stat_SR4b_HT_all_bin_0   0.000115933 +1.0074 -0.985766  0.430206   0.429594  0.430207   0.429586 
gamma_stat_SR4b_HT_all_bin_1   0.000265148 +1.00348 -0.995514  0.420333   0.440331  0.420368   0.440376 
