tttt_Xsec   0.308601 +0.981981 -0.944731  -0.038171   0.0362056  -0.0389413   0.0383199 
tttt_syst_PS   0.00633574 +0.99818 -0.997949  0.000299581   -0.000340827  0.000300318   -0.000346693 
JET_InSitu_NonClosure_PreRec   0.0338454 +1.00107 -1.0012  -0.0022034   0.00209154  -0.00220071   0.0020893 
JET_JERUnc_Noise_PreRec   -0.0120631 +0.99888 -1.00271  0.00011291   -0.000124521  0.000112607   -0.000143191 
JET_JERUnc_Noise_PreRec_PseudoData   -0.0741091 +1.00168 -0.996893  -0.000569702   0.000536362  -0.000568121   0.000537712 
JET_JER_EffectiveNP_1   0.0289972 +1.00038 -1.00184  -0.000585468   0.000477233  -0.000585001   0.000477274 
JET_JER_EffectiveNP_1_PseudoData   0.000980065 +0.999805 -0.999774  -0.000120113   7.13515e-05  -0.000120151   7.14806e-05 
JET_JER_EffectiveNP_5   -0.0101352 +1.0005 -0.999536  5.93012e-06   -2.43327e-05  5.91491e-06   -2.41389e-05 
JET_JER_EffectiveNP_5_PseudoData   0.00880078 +0.999728 -0.999887  0.000177451   -0.000231057  0.000177535   -0.00023104 
JET_JER_EffectiveNP_6   -0.0019385 +1.00008 -0.999843  -2.36053e-05   -2.20346e-05  -2.36051e-05   -2.20419e-05 
JET_JER_EffectiveNP_6_PseudoData   -0.00936595 +0.999582 -0.999513  -0.00025641   0.000218525  -0.000256541   0.000218677 
JET_JER_EffectiveNP_8   0.018648 +1.00119 -1.00161  -0.000538722   0.000387925  -0.000537851   0.000387406 
JET_JER_EffectiveNP_9   0.00339887 +0.99984 -1.00011  -4.91843e-05   -1.43402e-05  -4.91598e-05   -1.4349e-05 
JET_JER_EffectiveNP_9_PseudoData   0.00826312 +0.999734 -0.99988  0.000180963   -0.000234312  0.000181043   -0.000234286 
JET_JER_EffectiveNP_10   -0.00700419 +1.00033 -0.999691  2.73962e-06   -3.30292e-06  2.73624e-06   -7.54286e-06 
JET_Pileup_RhoTopology   0.0212821 +1.00108 -1.00132  -0.00157647   0.00141041  -0.00157596   0.00140883 
JET_RelativeNonClosure_AF3   7.29763e-07 +1 -1  -1.1904e-05   -1.19046e-05  -1.19039e-05   -1.19047e-05 
ttt_Xsec   0.00560168 +0.999636 -0.999763  -0.00220233   0.00212723  -0.00220323   0.00212768 
JET_JESUnc_VertexingAlg_PreRec   0.0423687 +1.00152 -1.0015  -0.00102841   0.000852172  -0.00102653   0.000851287 
ttWW_Xsec   -0.0925616 +1.00046 -0.983509  -0.00151738   0.00140716  -0.0015132   0.00141441 
JET_JER_EffectiveNP_3   -0.0266119 +1.00093 -0.999393  0.00044138   -0.00048576  0.000441123   -0.000488578 
others_Xsec   0.0219719 +0.999306 -1.00038  -0.00222918   0.00225522  -0.00223098   0.00225463 
ttZ_Xsec   -0.0871188 +0.986685 -0.982952  -0.0019861   0.00185589  -0.00199434   0.00188604 
ttZ_Gen   0.371951 +0.808601 -0.917599  -0.00454276   0.00532535  -0.00544133   0.0058443 
JET_JER_DataVsMC_MC16   -0.00524606 +1.00011 -0.99983  -0.000148671   9.21457e-05  -0.000148678   9.21741e-05 
JET_JER_EffectiveNP_2   0.0209492 +1.00308 -0.999369  -8.02078e-05   1.79225e-05  -8.28513e-05   1.78469e-05 
JET_JER_EffectiveNP_4   -0.0119368 +0.998257 -1.00251  -3.85706e-05   2.90697e-05  -3.87238e-05   2.92642e-05 
JET_Pileup_OffsetNPV   0.0144112 +0.999938 -0.999998  -0.000368759   0.000307653  -0.000368749   0.000307653 
ttZ_low_mll_syst_MUR05_MUF05   -0.000469849 +0.999961 -0.999961  -6.0205e-05   -2.07246e-06  -6.01988e-05   -2.06559e-06 
ttZ_low_mll_syst_MUR1_MUF05   0.00111277 +0.99999 -0.99999  -3.79266e-05   -1.52077e-05  -3.79243e-05   -1.52082e-05 
ttH_Xsec   0.0298068 +0.984327 -0.984092  -0.000137086   0.000193001  -0.000144283   0.00020123 
JET_Flavor_Composition_Bkg   -0.00311228 +0.999613 -0.999291  -0.000833063   0.000830239  -0.000833415   0.000830801 
JET_Flavor_Response   -0.0110963 +0.999564 -0.999859  0.000329719   -0.00038451  0.000329963   -0.000384593 
EG_SCALE_ALL   0.00605886 +0.999235 -0.999261  -9.01114e-05   2.94579e-05  -9.01504e-05   2.87862e-05 
singleTop_Xsec   -0.199828 +1.00539 -0.973965  -0.00163294   0.00164935  -0.00161645   0.00159887 
VV_truthgbb_3b   -0.15915 +0.986507 -0.969419  4.20793e-05   -6.39484e-05  2.3908e-05   -6.56868e-05 
VV_truthgbb_4b   -0.0124323 +0.998324 -0.998584  -0.000465317   0.000486017  -0.0004662   0.00048656 
PRW_DATASF   -0.0129984 +1.00016 -0.999616  -0.000189985   0.000139692  -0.000189985   0.000139819 
JET_EffectiveNP_Modelling1   0.0139765 +0.999985 -1  -0.000402027   0.000340124  -0.000402026   0.000340124 
JET_EtaIntercalibration_Modelling   0.0101862 +1.00003 -0.999898  -0.000391009   0.000317178  -0.000391005   0.000317237 
JET_EtaIntercalibration_NonClosure_PreRec   0.0204289 +0.999931 -0.999925  -0.00046854   0.000413198  -0.00046856   0.000413231 
JET_JESUnc_Noise_PreRec   0.0154735 +0.999952 -1.00003  -0.000395966   0.000333541  -0.000395973   0.000333527 
JET_JER_EffectiveNP_7_PseudoData   0.0103056 +0.99971 -0.999873  0.000190647   -0.000241347  0.000190729   -0.000241298 
JET_JER_EffectiveNP_8_PseudoData   -0.00993867 +1.00057 -0.999568  0.000717484   -0.000765223  0.000717163   -0.0007674 
JET_JER_EffectiveNP_10_PseudoData   -0.00314507 +0.999882 -0.999771  7.02586e-05   -0.000114127  7.0279e-05   -0.000114108 
JET_JER_EffectiveNP_11_PseudoData   -0.000198606 +0.999548 -0.999626  9.32872e-05   -0.000137231  9.34195e-05   -0.000137204 
JET_JER_EffectiveNP_12restTerm_PseudoData   0.00830596 +0.999736 -0.999884  0.000181122   -0.000235226  0.000181208   -0.000235223 
JET_Pileup_OffsetMu   0.0136928 +0.99996 -1.00002  -0.000370607   0.000308299  -0.000370612   0.000308288 
JET_Pileup_PtTerm   3.70875e-05 +0.999999 -0.999999  -3.84535e-05   -1.13589e-05  -3.84538e-05   -1.13586e-05 
FT_EFF_Eigen_B_2__1   0.0103492 +0.999722 -0.999972  0.000172959   -0.00022626  0.000173024   -0.000226243 
gamma_stat_CR1b3le_lep_2_pt_bin_0   0.00125717 +1.00565 -0.982196  -0.000228853   0.000209213  -0.000227596   0.000219505 
gamma_stat_CR1b3le_lep_2_pt_bin_1   -0.000335829 +0.980762 -0.935147  -1.36475e-05   -2.92294e-05  -1.88515e-05   -6.58547e-05 
NF_ttbar_CO   -0.0224444 +0.311785 -0.279973  -0.000136123   0.000236954  0   0 
NF_ttbar_gstr   -0.0263966 +0.204505 -0.186913  -0.000686471   0.000676819  0   0 
NF_ttbar_HFe   -0.311629 +0.223919 -0.212576  0.000467905   -0.000329771  0   0 
NF_ttbar_HFm   -0.0583049 +0.145867 -0.139396  0.00156334   -0.00148436  0   0 
NF_ttW_4j_plus   0.202119 +0.173586 -0.169812  -0.00179239   0.00214912  0   0 
scaling_a   0.385701 +0.106764 -0.108043  -0.00887629   0.0103152  0   0 
scaling_b   0.434356 +0.242997 -0.233585  0.00392636   -0.00292677  0   0 
NF_ttW_4j_minus   0.101116 +0.256693 -0.251447  -0.00178435   0.00256345  0   0 
tttt_Gen   0.568328 +1.03274 -0.959023  -0.03014   0.0267818  -0.0291303   0.0279761 
JET_JER_EffectiveNP_3_PseudoData   0.00185725 +0.999453 -0.99971  -1.36287e-05   -1.97769e-05  -1.36644e-05   -1.98436e-05 
tttt_syst_varRF   -0.000807844 +0.99993 -0.99993  -0.000150734   9.9346e-05  -0.000150728   9.93701e-05 
ttZ_low_mll_syst_MUR2_MUF2   0.0021535 +1.00067 -1.00068  9.99559e-06   -5.9666e-05  9.80461e-06   -6.08275e-05 
ttZ_low_mll_syst_MUR05_MUF1   -0.00834123 +0.999966 -0.999966  -0.000149024   9.60027e-05  -0.000149022   9.60143e-05 
ttZ_low_mll_syst_MUR2_MUF1   0.0032451 +1.00044 -1.00044  6.02996e-06   -5.72182e-05  6.00784e-06   -5.73139e-05 
CO_ShapeSyst_simple   -0.067727 +0.988638 -0.989895  0.000125465   -6.58859e-05  0.000112333   -6.81317e-05 
Gstr_ShapeSyst_simple   -0.0251093 +0.999858 -0.999608  -1.42619e-05   -1.8751e-05  -1.42559e-05   -1.8674e-05 
JET_EtaIntercalibration_TotalStat   0.000541403 +0.999998 -1  -2.68785e-05   -2.10464e-05  -2.68791e-05   -2.10465e-05 
JET_JER_DataVsMC_MC16_PseudoData   0.00328115 +0.999846 -1.00011  -3.30464e-05   -3.08502e-05  -3.30289e-05   -3.08603e-05 
JET_JER_EffectiveNP_2_PseudoData   0.0215518 +0.996392 -1.00451  -0.00014896   0.000114727  -0.000149115   0.000113739 
JET_JER_EffectiveNP_4_PseudoData   -0.0188274 +1.00415 -0.99641  2.00897e-05   -6.37242e-05  1.93014e-05   -6.3741e-05 
JET_JER_EffectiveNP_7   -0.00041426 +0.999997 -1  -1.75733e-05   -3.07527e-05  -1.75742e-05   -3.07528e-05 
JET_JER_EffectiveNP_11   -0.0028625 +1.00011 -0.999844  -5.43816e-05   -9.45892e-06  -5.43909e-05   -9.4449e-06 
JET_JER_EffectiveNP_12restTerm   0.000990571 +0.999997 -1  -3.4971e-05   -1.50505e-05  -3.49702e-05   -1.50503e-05 
JET_BJES_Response   2.81212e-05 +1 -1  -3.51284e-05   -1.27862e-05  -3.51284e-05   -1.27862e-05 
gamma_stat_CR1b3lm_lep_2_pt_bin_0   0.00164405 +1.00305 -0.984692  -0.00053965   0.000518887  -0.00051424   0.000527081 
gamma_stat_CR1b3lm_lep_2_pt_bin_1   -0.0122803 +0.975411 -0.943812  -7.00374e-05   2.95691e-05  -9.78352e-05   5.92725e-05 
ttZ_high_mll_syst_MUR05_MUF05   -0.0858233 +0.996126 -0.996131  -0.000803582   0.000747018  -0.000810867   0.000749917 
ttZ_low_mll_syst_MUR1_MUF2   -0.00147792 +1.00012 -1.00012  -1.48853e-05   -3.68879e-05  -1.48743e-05   -3.6918e-05 
ttH_PS   0.138531 +0.992826 -0.989167  0.00121279   -0.00133374  0.00122158   -0.00135588 
ttH_Gen   0.0510421 +0.997951 -0.997557  -0.000251236   0.000194568  -0.000251248   0.000195523 
Diboson_4jets   -0.0570693 +0.657709 -0.61643  -0.000897983   0.000869936  -0.00128779   0.00137294 
Diboson_5jets   -0.435363 +0.576532 -0.618976  0.00138435   -0.00119631  0.00228953   -0.00166369 
gamma_stat_CR1bminus_nJets_bin_0   -0.001223 +0.986651 -0.972998  -0.000115247   7.97876e-05  -0.000117065   8.48146e-05 
gamma_stat_CR1bminus_nJets_bin_1   -0.00356184 +0.984689 -0.970625  -0.000528774   0.000491311  -0.000536868   0.000507108 
gamma_stat_CR1bminus_nJets_bin_2   0.0109721 +0.989273 -0.972484  -0.000230242   0.000179263  -0.000232634   0.000184673 
gamma_stat_CR1bminus_nJets_bin_3   -0.000683042 +0.984977 -0.961876  0.000227804   -0.000288493  0.000230198   -0.000309422 
gamma_stat_CR1bminus_nJets_bin_4   -0.0134046 +0.978275 -0.94118  0.000467008   -0.00047535  0.000482642   -0.000520648 
gamma_stat_CR1bminus_nJets_bin_5   -0.0435734 +0.958398 -0.880523  0.000829892   -0.000816606  0.000880347   -0.000920423 
gamma_stat_CR1bminus_nJets_bin_6   -0.0467034 +0.948171 -0.80204  0.00231065   -0.00216181  0.00239883   -0.00275324 
JET_NNJvtEfficiency   -0.00112477 +0.999961 -0.99996  0.000155837   -0.000215768  0.00015585   -0.000215769 
FT_EFF_Eigen_Light_0__1   0.000604599 +0.999984 -1  0.000295848   -0.000343145  0.000295848   -0.000343144 
FT_EFF_Eigen_Light_1__1   -0.00691355 +1.00009 -0.999882  1.4052e-05   -7.3697e-05  1.39905e-05   -7.36931e-05 
FT_EFF_Eigen_Light_2__1   5.29077e-12 +1 -1  -1.19042e-05   -1.19044e-05  -1.19041e-05   -1.19043e-05 
gamma_stat_CR1bplus_nJets_bin_0   1.15132e-05 +0.991031 -0.97889  -7.58405e-05   2.70227e-05  -7.46291e-05   -3.96414e-06 
gamma_stat_CR1bplus_nJets_bin_1   -0.00315442 +0.987345 -0.9751  -0.000419205   0.000423013  -0.000424491   0.000433917 
gamma_stat_CR1bplus_nJets_bin_2   -0.00409979 +0.982632 -0.967526  0.000129895   -0.000151811  0.000134462   -0.000156377 
gamma_stat_CR1bplus_nJets_bin_3   0.00847749 +0.987234 -0.965409  0.000687438   -0.000745984  0.000697017   -0.000770555 
gamma_stat_CR1bplus_nJets_bin_4   0.0531392 +1.00384 -0.962204  0.00143653   -0.00139277  0.00143104   -0.00145621 
gamma_stat_CR1bplus_nJets_bin_5   0.0786016 +0.990065 -0.892313  0.00280261   -0.00261944  0.00283027   -0.0029067 
gamma_stat_CR1bplus_nJets_bin_6   -0.160132 +0.859243 -0.693404  0.00585414   -0.00578893  0.00672834   -0.00871064 
gamma_stat_CRttW2l_minus_nJets_bin_0   0.00357732 +0.995568 -0.982525  5.47052e-05   -7.84429e-05  5.40591e-05   -8.7281e-05 
gamma_stat_CRttW2l_minus_nJets_bin_1   -0.00265093 +0.988528 -0.974999  -4.20097e-05   6.59101e-05  -4.24466e-05   6.90972e-05 
gamma_stat_CRttW2l_minus_nJets_bin_2   -0.0036805 +0.974355 -0.948359  0.00015311   -0.000147609  0.000151846   -0.000157086 
Diboson_syst_varRF   -0.0135148 +0.99992 -0.999919  -1.93874e-05   -2.48055e-05  -1.93827e-05   -2.48103e-05 
gamma_stat_CRttW2l_plus_nJets_bin_0   0.000184698 +0.999917 -0.989641  8.07253e-05   -0.000115641  8.07491e-05   -0.000113764 
gamma_stat_CRttW2l_plus_nJets_bin_1   0.0002358 +0.99258 -0.9812  8.50103e-05   -8.51352e-05  8.59575e-05   -8.67559e-05 
gamma_stat_CRttW2l_plus_nJets_bin_2   -0.00909453 +0.975316 -0.951367  0.000616883   -0.000616804  0.000630567   -0.000647911 
gamma_stat_CRttbarCO2l_CO_1_bin_0   0.000264277 +1.00556 -0.991851  4.03865e-05   3.64952e-06  4.02047e-05   -2.80149e-05 
gamma_stat_CRttbarCO2l_gstr_1_bin_0   0.000417519 +1.01402 -0.985404  0.000156933   -0.000208914  0.000152634   -0.000208127 
ttH_syst_varRF   -0.128323 +0.994689 -0.994662  -0.00117344   0.00117826  -0.00117967   0.00118461 
gamma_stat_SR2b2l_HT_all_bin_0   0.000646309 +0.987318 -0.976499  0.00126682   -0.00127736  0.00128333   -0.00130754 
gamma_stat_SR2b2l_HT_all_bin_1   0.00409976 +0.996426 -0.985862  0.00105396   -0.00107055  0.0010578   -0.00108569 
gamma_stat_SR2b2l_HT_all_bin_2   -0.000970449 +0.997347 -0.986912  0.000528388   -0.000563932  0.000529899   -0.000571417 
gamma_stat_SR2b2l_HT_all_bin_3   -0.00055756 +1.00095 -0.991686  0.000112729   -0.000149556  0.000112496   -0.000150009 
MUON_EFF_ISO_SYS   -0.000156462 +1 -1  -3.44481e-05   -1.27449e-05  -3.44481e-05   -1.27445e-05 
FT_EFF_Eigen_B_0__1   -0.000907773 +1 -0.999995  -5.94552e-06   -4.27073e-05  -5.94451e-06   -4.27062e-05 
FT_EFF_Eigen_B_1__1   -0.000565401 +1 -0.999999  -8.19127e-06   -3.98543e-05  -8.1911e-06   -3.9854e-05 
FT_EFF_Eigen_B_3__1   -0.00197705 +1.00002 -0.999979  -2.46697e-05   -2.84801e-05  -2.46722e-05   -2.84757e-05 
FT_EFF_Eigen_B_4__1   0.000483626 +0.999999 -1  -3.9169e-05   -8.72828e-06  -3.91689e-05   -8.72829e-06 
FT_EFF_Eigen_B_6__1   0.000985897 +0.999998 -1  -2.63899e-05   -2.65228e-05  -2.6389e-05   -2.65227e-05 
FT_EFF_Eigen_B_7__1   -0.00140607 +1 -0.999994  -3.38843e-05   -1.92613e-05  -3.38849e-05   -1.92598e-05 
ttW_syst_varRF   0.00021819 +0.999991 -0.999991  1.73716e-05   -6.59461e-05  1.73745e-05   -6.5949e-05 
gamma_stat_SR2b3l4l_HT_all_bin_0   0.00165688 +1.00333 -0.979564  -0.000180942   0.000172334  -0.000174709   0.000136237 
gamma_stat_SR2b3l4l_HT_all_bin_1   -0.00248268 +1.00334 -0.982517  -0.000235479   0.000167903  -0.000235972   0.000167931 
gamma_stat_SR2b3l4l_HT_all_bin_2   -0.0014584 +1.00288 -0.988789  -0.000620932   0.000582557  -0.000619228   0.00058918 
Other_truthgbb_3b   -0.0439484 +1.00025 -0.998406  -0.00212496   0.00215887  -0.00212442   0.00216196 
ttZ_truthgbb_3b   -0.0439422 +0.997981 -0.997176  -0.00129584   0.00129485  -0.00129757   0.0012983 
ttW_truthgbb_3b   0.0231755 +0.999218 -0.999058  -0.00548152   0.00558961  -0.00548608   0.00559452 
gamma_stat_SR3b2l_HT_all_bin_0   0.00254096 +0.992248 -0.971377  -0.000101785   4.92509e-05  -0.000102113   5.18925e-05 
gamma_stat_SR3b2l_HT_all_bin_1   -0.00185551 +0.99985 -0.983784  -0.000842706   0.00082781  -0.000842826   0.000842498 
gamma_stat_SR3b2l_HT_all_bin_2   -0.00348983 +1.00077 -0.988532  -0.00145377   0.00142338  -0.00145665   0.00144488 
gamma_stat_SR3b2l_HT_all_bin_3   -0.000519532 +1.00327 -0.992507  -0.00180283   0.00176792  -0.00179694   0.00178571 
ttH_truthgbb_3b   0.0458252 +0.997922 -0.997468  -0.0024914   0.00249088  -0.00249667   0.00249601 
MUON_CB   -0.000624078 +1 -0.999998  -3.74085e-05   -1.07946e-05  -3.74083e-05   -1.0794e-05 
JET_EffectiveNP_Detector1   -0.000275288 +1 -0.999999  -2.13778e-05   -2.80092e-05  -2.13779e-05   -2.80086e-05 
JET_EffectiveNP_Mixed2   0.000275288 +0.999999 -1  -2.8009e-05   -2.1378e-05  -2.80089e-05   -2.13779e-05 
JET_EffectiveNP_Mixed3   -0.000275288 +1 -0.999999  -2.13778e-05   -2.80092e-05  -2.13777e-05   -2.80087e-05 
JET_EffectiveNP_Modelling2   0.000275288 +0.999999 -1  -2.8009e-05   -2.1378e-05  -2.80088e-05   -2.13779e-05 
JET_EffectiveNP_Modelling3   -0.000275288 +1 -0.999999  -2.13778e-05   -2.80092e-05  -2.13777e-05   -2.80087e-05 
JET_EffectiveNP_Statistical2   0.000270448 +1 -1  -2.81334e-05   -2.12141e-05  -2.81331e-05   -2.12142e-05 
JET_EffectiveNP_Statistical5   -0.000275288 +1 -0.999999  -2.13778e-05   -2.80092e-05  -2.13777e-05   -2.80086e-05 
gamma_stat_SR3b3l4l_HT_all_bin_0   -0.00101912 +1.00589 -0.983372  -0.000706335   0.000631851  -0.000703876   0.000643288 
gamma_stat_SR3b3l4l_HT_all_bin_1   -0.000555358 +1.00523 -0.99152  -0.00156689   0.00151282  -0.00155672   0.00152617 
ttt_truthgbb_4b   0.0633182 +1.00062 -0.99896  -0.00152153   0.00144994  -0.00150191   0.00145138 
Other_truthgbb_4b   0.0981619 +1.00274 -0.997198  -0.00283886   0.0027753  -0.00282983   0.00278156 
ttZ_truthgbb_4b   0.121085 +1.0021 -0.995439  -0.00238015   0.00234556  -0.0023747   0.00235196 
ttH_truthgbb_4b   0.118206 +1.00136 -0.996019  -0.00204577   0.00201374  -0.00204276   0.00202125 
ttW_truthgbb_4b   0.202845 +1.01028 -0.989947  -0.00724441   0.00682579  -0.00716536   0.00688941 
gamma_stat_SR4b_HT_all_bin_0   0.00351226 +1.0052 -0.990528  -0.000353865   0.000322895  -0.000352753   0.000313168 
gamma_stat_SR4b_HT_all_bin_1   0.000396759 +1.00294 -0.996592  -0.0023768   0.00240845  -0.00236982   0.00241762 
