tttt_Xsec   0.358991 +0.976289 -0.930696  -0.0846682   0.0792801  -0.086909   0.0852198 
tttt_syst_PS   0.00719526 +0.998143 -0.997878  0.000881592   -0.000814625  0.000883305   -0.000816197 
JET_InSitu_NonClosure_PreRec   0.0383274 +1.00103 -1.00131  -0.00465612   0.00441141  -0.00465073   0.00440624 
JET_JERUnc_Noise_PreRec   -0.0127006 +0.998994 -1.00265  0.000261435   -0.000251633  0.000261265   -0.000250245 
JET_JERUnc_Noise_PreRec_PseudoData   -0.0715647 +1.00153 -0.997006  -0.000992673   0.00106454  -0.000990971   0.00106705 
JET_JER_EffectiveNP_1   0.0300138 +1.00039 -1.00199  -0.00122252   0.00107634  -0.00122191   0.00107498 
JET_JER_EffectiveNP_1_PseudoData   0.000153425 +0.999777 -0.999764  -0.000251779   0.000289254  -0.000251851   0.000289308 
JET_JER_EffectiveNP_5   -0.0101829 +1.0005 -0.999555  5.25799e-05   -8.52127e-06  5.25957e-05   -8.5092e-06 
JET_JER_EffectiveNP_5_PseudoData   0.00774665 +0.99973 -0.999862  0.000419889   -0.000399472  0.000420005   -0.000399526 
JET_JER_EffectiveNP_6   -0.00211189 +1.00011 -0.999825  4.41227e-05   -3.4601e-05  4.41126e-05   -3.45992e-05 
JET_JER_EffectiveNP_6_PseudoData   -0.00818919 +0.999553 -0.999514  -0.000488166   0.000507764  -0.000488381   0.000508011 
JET_JER_EffectiveNP_8   0.0195518 +1.00122 -1.00177  -0.00114565   0.000923294  -0.00114385   0.000922153 
JET_JER_EffectiveNP_9   0.00345858 +0.999846 -1.00012  -5.93914e-05   7.00135e-05  -5.9393e-05   6.99999e-05 
JET_JER_EffectiveNP_9_PseudoData   0.00720978 +0.999735 -0.999858  0.000429864   -0.000409513  0.000429978   -0.00040957 
JET_JER_EffectiveNP_10   -0.00704565 +1.00033 -0.999703  4.7178e-05   -3.26517e-06  4.719e-05   -3.25575e-06 
JET_Pileup_RhoTopology   0.0246309 +1.00108 -1.00145  -0.00321684   0.00297376  -0.00321286   0.00297004 
JET_RelativeNonClosure_AF3   6.09325e-07 +1.00001 -1.00001  4.30592e-06   4.36593e-06  4.3057e-06   4.36555e-06 
ttt_Xsec   0.0102706 +0.999603 -0.999703  -0.0044627   0.00444289  -0.00446474   0.00444399 
JET_JESUnc_VertexingAlg_PreRec   0.0440939 +1.00159 -1.00164  -0.002189   0.0019229  -0.00218486   0.00192027 
ttWW_Xsec   -0.0952112 +1.00146 -0.982613  -0.00356497   0.0034271  -0.0035606   0.00346825 
JET_JER_EffectiveNP_3   -0.0274802 +1.00103 -0.999351  0.000964411   -0.000989278  0.000963818   -0.000990091 
others_Xsec   0.0277766 +0.999414 -1.00013  -0.0044463   0.00438271  -0.00444929   0.00438233 
ttZ_Xsec   -0.0788912 +0.986777 -0.982847  -0.00366995   0.00366429  -0.00367418   0.00371807 
ttZ_Gen   0.38091 +0.806257 -0.917038  -0.00943698   0.0109587  -0.0111918   0.0120604 
JET_JER_DataVsMC_MC16   -0.00514569 +1.00012 -0.999825  -0.000240741   0.000251933  -0.000240716   0.000251983 
JET_JER_EffectiveNP_2   0.0212676 +1.00313 -0.999459  -0.000107478   2.54224e-05  -0.000106143   2.5209e-05 
JET_JER_EffectiveNP_4   -0.0121292 +0.998334 -1.00247  -8.65916e-05   0.000125761  -8.74005e-05   0.000126065 
JET_Pileup_OffsetNPV   0.0150368 +0.99992 -1.00002  -0.000741377   0.00074869  -0.000741436   0.000748672 
ttZ_low_mll_syst_MUR05_MUF05   -0.000197421 +0.99994 -0.999994  -3.1413e-05   3.89586e-05  -3.14129e-05   3.89593e-05 
ttZ_low_mll_syst_MUR1_MUF05   0.00119728 +0.999985 -1.00001  3.49845e-06   4.92311e-06  3.49961e-06   4.92291e-06 
ttH_Xsec   0.0355966 +0.98447 -0.983965  0.00053029   -0.000401746  0.00048634   -0.000415548 
JET_Flavor_Composition_Bkg   -0.000932452 +0.999538 -0.999308  -0.00172638   0.00176381  -0.0017272   0.00176499 
JET_Flavor_Response   -0.0117793 +0.999597 -0.999834  0.000787841   -0.000780906  0.000788157   -0.000781036 
EG_SCALE_ALL   0.00569836 +0.999325 -0.999182  -0.000110442   0.000122835  -0.000110492   0.000122965 
singleTop_Xsec   -0.200035 +1.00525 -0.974122  -0.00389743   0.00376081  -0.0039421   0.00383862 
VV_truthgbb_3b   -0.160219 +0.986433 -0.969528  -2.97589e-05   2.6024e-05  4.86099e-08   -3.18624e-05 
VV_truthgbb_4b   -0.0117857 +0.998488 -0.99843  -0.000921766   0.00100107  -0.000922116   0.00100243 
PRW_DATASF   -0.0126781 +1.00015 -0.99964  -0.000389767   0.000406883  -0.000389707   0.000407018 
JET_EffectiveNP_Modelling1   0.0145901 +0.99998 -1.00001  -0.000816512   0.0008227  -0.000816528   0.000822688 
JET_EtaIntercalibration_Modelling   0.0107645 +1.00002 -0.999918  -0.00074745   0.000756976  -0.000747438   0.000757038 
JET_EtaIntercalibration_NonClosure_PreRec   0.021061 +0.999937 -0.999925  -0.000912329   0.000924862  -0.000912386   0.000924932 
JET_JESUnc_Noise_PreRec   0.0160765 +0.999951 -1.00004  -0.000800257   0.000806766  -0.000800296   0.000806736 
JET_JER_EffectiveNP_7_PseudoData   0.00922151 +0.999699 -0.99986  0.000451562   -0.00042958  0.0004517   -0.000429638 
JET_JER_EffectiveNP_8_PseudoData   -0.011993 +1.00065 -0.999506  0.00147066   -0.00152811  0.00146988   -0.001529 
JET_JER_EffectiveNP_10_PseudoData   -0.00239525 +0.999892 -0.999739  0.000280071   -0.000253945  0.000280099   -0.000254017 
JET_JER_EffectiveNP_11_PseudoData   -0.00127147 +0.999525 -0.999627  0.000208327   -0.000155971  0.000208425   -0.000156047 
JET_JER_EffectiveNP_12restTerm_PseudoData   0.00725166 +0.999737 -0.99986  0.000428065   -0.000407589  0.000428179   -0.000407644 
JET_Pileup_OffsetMu   0.0142522 +0.999955 -1.00004  -0.000744062   0.000750371  -0.000744096   0.000750343 
JET_Pileup_PtTerm   9.01211e-05 +0.999998 -1.00001  -5.0147e-05   5.88761e-05  -5.01469e-05   5.88748e-05 
FT_EFF_Eigen_B_2__1   0.00962955 +0.999739 -0.999959  0.000469926   -0.000429744  0.000470043   -0.000429761 
JET_BJES_Response   2.92348e-05 +1.00001 -1  5.31797e-06   3.35175e-06  5.31773e-06   3.35107e-06 
gamma_stat_CR1b3le_lep_2_pt_bin_0   0.00120273 +1.00595 -0.98188  -0.000611764   0.000547811  -0.000608555   0.000562152 
gamma_stat_CR1b3le_lep_2_pt_bin_1   -0.000358395 +0.980797 -0.935109  2.70906e-05   7.41062e-06  2.84339e-05   8.03058e-06 
NF_ttbar_CO   -0.0227126 +0.311632 -0.280164  -0.000342635   0.000443839  0   0 
NF_ttbar_gstr   -0.0258856 +0.204727 -0.186891  -0.00105105   0.00117301  0   0 
NF_ttbar_HFe   -0.310521 +0.223827 -0.212826  0.00134625   -0.000847907  0   0 
NF_ttbar_HFm   -0.0585767 +0.145993 -0.139282  0.00370306   -0.00334966  0   0 
NF_ttW_4j_plus   0.202541 +0.173438 -0.169963  -0.00424193   0.00524376  0   0 
scaling_a   0.386228 +0.10759 -0.108594  -0.0229275   0.0254336  0   0 
scaling_b   0.434874 +0.243786 -0.234681  0.0112544   -0.00926567  0   0 
NF_ttW_4j_minus   0.101828 +0.256276 -0.251681  -0.00432022   0.00571802  0   0 
tttt_Gen   0.60159 +1.02919 -0.957698  -0.0674445   0.0600442  -0.0653925   0.0629066 
JET_JER_EffectiveNP_3_PseudoData   0.00285587 +0.999442 -0.999686  8.00978e-05   -4.75291e-05  8.01161e-05   -4.75611e-05 
tttt_syst_varRF   -0.00104454 +0.999938 -0.999934  -0.000253175   0.000264055  -0.000253188   0.000264076 
ttZ_low_mll_syst_MUR2_MUF2   0.00196891 +1.0007 -1.00066  5.451e-05   -3.86333e-05  5.44396e-05   -3.86387e-05 
ttZ_low_mll_syst_MUR05_MUF1   -0.00839564 +0.999943 -1  -0.000267607   0.000276382  -0.00026762   0.000276382 
ttZ_low_mll_syst_MUR2_MUF1   0.00311333 +1.00045 -1.00043  4.65443e-05   -3.33438e-05  4.65023e-05   -3.33494e-05 
CO_ShapeSyst_simple   -0.0675216 +0.988504 -0.99007  0.000430689   -0.000324456  0.000435472   -0.00032699 
Gstr_ShapeSyst_simple   -0.0253131 +0.999871 -0.999609  -4.35943e-05   -7.70921e-07  -4.35964e-05   -7.50719e-07 
JET_EtaIntercalibration_TotalStat   0.000566037 +0.999998 -1.00001  -2.75183e-05   3.62113e-05  -2.75183e-05   3.62105e-05 
JET_JER_DataVsMC_MC16_PseudoData   0.00338187 +0.999849 -1.00012  -1.30066e-05   2.39068e-05  -1.30014e-05   2.38983e-05 
JET_JER_EffectiveNP_2_PseudoData   0.0207996 +0.996347 -1.00453  -0.000322778   0.00038339  -0.000324201   0.000381908 
JET_JER_EffectiveNP_4_PseudoData   -0.017963 +1.00414 -0.996386  0.000188453   -0.000136519  0.000187798   -0.000137133 
JET_JER_EffectiveNP_7   -0.000407106 +1.00001 -0.999998  -7.51623e-06   1.62434e-05  -7.51647e-06   1.62432e-05 
JET_JER_EffectiveNP_11   -0.00284425 +1.0001 -0.999862  -1.94906e-05   2.99516e-05  -1.94937e-05   2.99622e-05 
JET_JER_EffectiveNP_12restTerm   0.000982824 +0.999997 -1.00001  8.11411e-06   5.83241e-07  8.11419e-06   5.82667e-07 
gamma_stat_CR1b3lm_lep_2_pt_bin_0   0.00166291 +1.00257 -0.985204  -0.00110756   0.00116991  -0.00110478   0.00118837 
gamma_stat_CR1b3lm_lep_2_pt_bin_1   -0.0122554 +0.974975 -0.944239  -0.000107839   0.000142138  -0.000110625   0.00015327 
ttZ_high_mll_syst_MUR05_MUF05   -0.0889836 +0.996055 -0.996326  -0.00212189   0.00212738  -0.00213017   0.00213516 
ttZ_low_mll_syst_MUR1_MUF2   -0.0015453 +1.00014 -1.00012  5.22749e-06   4.78751e-06  5.22039e-06   4.78196e-06 
ttH_PS   0.137788 +0.99295 -0.989144  0.00284358   -0.00302042  0.002864   -0.00305406 
ttH_Gen   0.0501477 +0.998008 -0.997603  -0.000556899   0.00057272  -0.00055794   0.000574196 
Diboson_4jets   -0.0556874 +0.657685 -0.617031  -0.00135393   0.00167108  -0.00209652   0.00272776 
Diboson_5jets   -0.439443 +0.576417 -0.619427  0.0022916   -0.00186533  0.00357977   -0.0023687 
gamma_stat_CR1bminus_nJets_bin_0   -0.00121835 +0.986146 -0.973368  -0.000243021   0.000293619  -0.000246871   0.000271602 
gamma_stat_CR1bminus_nJets_bin_1   -0.00357668 +0.984503 -0.970525  -0.00110936   0.00120389  -0.00112832   0.00123716 
gamma_stat_CR1bminus_nJets_bin_2   0.0111561 +0.989032 -0.972126  -0.000433572   0.000402041  -0.000438236   0.000413464 
gamma_stat_CR1bminus_nJets_bin_3   -0.000732874 +0.984542 -0.960956  0.000599113   -0.000547867  0.000606926   -0.000569143 
gamma_stat_CR1bminus_nJets_bin_4   -0.0140864 +0.976488 -0.938552  0.00140451   -0.00130901  0.00143756   -0.00139306 
gamma_stat_CR1bminus_nJets_bin_5   -0.0465783 +0.95384 -0.874143  0.00200105   -0.0018541  0.0021145   -0.00211665 
gamma_stat_CR1bminus_nJets_bin_6   -0.0544149 +0.931086 -0.775937  0.00642152   -0.00597445  0.006836   -0.00782087 
JET_NNJvtEfficiency   -0.000207709 +0.999986 -0.999949  0.000545093   -0.000533369  0.000545101   -0.000533394 
FT_EFF_Eigen_Light_0__1   0.000329032 +1.00001 -0.999987  0.000780876   -0.000743095  0.000780868   -0.000743105 
FT_EFF_Eigen_Light_1__1   -0.00694018 +1.00008 -0.9999  7.0425e-05   -3.14234e-05  7.04152e-05   -3.14269e-05 
FT_EFF_Eigen_Light_2__1   0 +1.00001 -1.00001  4.33589e-06   4.33574e-06  4.33581e-06   4.33581e-06 
gamma_stat_CR1bplus_nJets_bin_0   2.41091e-05 +0.990406 -0.979395  -4.19946e-06   6.63779e-05  -5.83022e-06   6.81082e-05 
gamma_stat_CR1bplus_nJets_bin_1   -0.00315641 +0.987031 -0.975177  -0.00104513   0.00101332  -0.00106056   0.00103885 
gamma_stat_CR1bplus_nJets_bin_2   -0.00414539 +0.982171 -0.96733  0.000342344   -0.00035554  0.000345308   -0.000366602 
gamma_stat_CR1bplus_nJets_bin_3   0.00865488 +0.98664 -0.964817  0.00170271   -0.00166192  0.0017478   -0.00172199 
gamma_stat_CR1bplus_nJets_bin_4   0.0553569 +1.00397 -0.960104  0.00333264   -0.00325111  0.00331954   -0.00338724 
gamma_stat_CR1bplus_nJets_bin_5   0.0825097 +0.986382 -0.886801  0.00665286   -0.0061731  0.00674253   -0.00697506 
gamma_stat_CR1bplus_nJets_bin_6   -0.175612 +0.838689 -0.668458  0.0141262   -0.0139317  0.0165689   -0.0219134 
gamma_stat_CRttW2l_minus_nJets_bin_0   0.00358864 +0.995672 -0.982328  0.000237868   -0.000192809  0.00024024   -0.000195481 
gamma_stat_CRttW2l_minus_nJets_bin_1   -0.00269825 +0.988708 -0.974474  -0.000316791   0.000318168  -0.000320438   0.000326449 
gamma_stat_CRttW2l_minus_nJets_bin_2   -0.00373515 +0.973884 -0.947704  0.000375482   -0.000350444  0.000385041   -0.000368233 
Diboson_syst_varRF   -0.0134831 +0.99989 -0.99996  8.31304e-05   -4.69216e-05  8.31395e-05   -4.69219e-05 
gamma_stat_CRttW2l_plus_nJets_bin_0   0.000189483 +0.999829 -0.989705  0.000334291   -0.000317595  0.000334384   -0.000321256 
gamma_stat_CRttW2l_plus_nJets_bin_1   0.000217985 +0.992584 -0.981025  -0.000106713   0.000109407  -0.000107012   0.000105826 
gamma_stat_CRttW2l_plus_nJets_bin_2   -0.0092272 +0.974589 -0.951086  0.00138849   -0.001338  0.00142357   -0.00140649 
gamma_stat_CRttbarCO2l_CO_1_bin_0   0.000258479 +1.00571 -0.991721  4.32227e-05   4.65666e-06  4.32881e-05   4.45453e-06 
gamma_stat_CRttbarCO2l_gstr_1_bin_0   0.000373262 +1.01377 -0.985663  0.000211662   -0.00016552  0.000208629   -0.000168246 
ttH_syst_varRF   -0.134162 +0.994696 -0.994885  -0.00329713   0.00336359  -0.0033144   0.00338059 
gamma_stat_SR2b2l_HT_all_bin_0   0.000637806 +0.98732 -0.975573  0.00290606   -0.0029073  0.00294354   -0.00297954 
gamma_stat_SR2b2l_HT_all_bin_1   0.00437439 +0.995844 -0.985305  0.00265406   -0.00265386  0.00266513   -0.00269384 
gamma_stat_SR2b2l_HT_all_bin_2   -0.00108667 +0.996808 -0.985372  0.00168032   -0.00167089  0.00168556   -0.00169545 
gamma_stat_SR2b2l_HT_all_bin_3   -0.000704449 +1.00072 -0.99075  -0.000117956   0.000126082  -0.000117794   0.000127471 
MUON_EFF_ISO_SYS   -0.000149037 +1.00001 -1.00001  6.86341e-06   1.78409e-06  6.86286e-06   1.7835e-06 
FT_EFF_Eigen_B_0__1   -0.000903397 +1.00001 -0.999999  2.18615e-05   -1.3145e-05  2.18606e-05   -1.31449e-05 
FT_EFF_Eigen_B_1__1   -0.000562674 +1.00001 -1  1.52813e-05   -6.59223e-06  1.52804e-05   -6.59253e-06 
FT_EFF_Eigen_B_3__1   -0.00195549 +1.00002 -0.999984  -1.72811e-05   2.62063e-05  -1.72819e-05   2.62074e-05 
FT_EFF_Eigen_B_4__1   0.000481293 +1 -1.00001  -5.01798e-06   1.3702e-05  -5.01802e-06   1.37016e-05 
FT_EFF_Eigen_B_6__1   0.000971887 +1 -1.00001  3.12227e-05   -2.24576e-05  3.12227e-05   -2.24582e-05 
FT_EFF_Eigen_B_7__1   -0.00138475 +1.00001 -1  -4.03587e-05   4.92404e-05  -4.03592e-05   4.92403e-05 
ttW_syst_varRF   0.000268395 +0.999999 -0.999993  0.000138726   -0.000129196  0.000138726   -0.000129197 
gamma_stat_SR2b3l4l_HT_all_bin_0   0.00176159 +1.00317 -0.978777  -0.000359026   0.000406993  -0.000357879   0.000416242 
gamma_stat_SR2b3l4l_HT_all_bin_1   -0.00278799 +1.003 -0.980919  -0.000357825   0.000393796  -0.000356881   0.000401581 
gamma_stat_SR2b3l4l_HT_all_bin_2   -0.00180138 +1.00255 -0.987296  -0.00172896   0.00174839  -0.00172467   0.00177094 
Other_truthgbb_3b   -0.0403344 +1.00012 -0.99844  -0.00454115   0.00459982  -0.00454058   0.00460637 
ttZ_truthgbb_3b   -0.0402897 +0.997814 -0.997185  -0.00260167   0.00268451  -0.00260747   0.00269187 
ttW_truthgbb_3b   0.0268341 +0.999059 -0.99952  -0.012287   0.0126116  -0.0122994   0.0126173 
gamma_stat_SR3b2l_HT_all_bin_0   0.00308674 +0.99038 -0.967654  0.000320028   -0.000301614  0.000322838   -0.000311079 
gamma_stat_SR3b2l_HT_all_bin_1   -0.00248734 +0.997964 -0.97857  -0.0014985   0.00151085  -0.00150159   0.00154468 
gamma_stat_SR3b2l_HT_all_bin_2   -0.00570975 +0.998717 -0.983413  -0.00346568   0.00346664  -0.00347005   0.00352546 
gamma_stat_SR3b2l_HT_all_bin_3   -0.000959596 +1.00324 -0.990051  -0.00607799   0.00607585  -0.00605853   0.00613723 
ttH_truthgbb_3b   0.0529439 +0.997812 -0.997292  -0.00497072   0.00503321  -0.00498217   0.00504611 
MUON_CB   -0.000587319 +1 -1.00001  -5.11833e-05   5.99086e-05  -5.1183e-05   5.99078e-05 
JET_EffectiveNP_Detector1   -0.000258669 +1.00001 -1  -1.38768e-05   2.25671e-05  -1.38771e-05   2.25668e-05 
JET_EffectiveNP_Mixed2   0.000258669 +1 -1.00001  2.25669e-05   -1.38771e-05  2.25668e-05   -1.38771e-05 
JET_EffectiveNP_Mixed3   -0.000258669 +1.00001 -1  -1.38768e-05   2.25671e-05  -1.38771e-05   2.25668e-05 
JET_EffectiveNP_Modelling2   0.000258669 +1 -1.00001  2.25669e-05   -1.38771e-05  2.25668e-05   -1.38771e-05 
JET_EffectiveNP_Modelling3   -0.000258669 +1.00001 -1  -1.38768e-05   2.25671e-05  -1.38771e-05   2.25668e-05 
JET_EffectiveNP_Statistical2   0.000254121 +1 -1.00001  2.22474e-05   -1.35575e-05  2.22472e-05   -1.35579e-05 
JET_EffectiveNP_Statistical5   -0.000258669 +1.00001 -1  -1.38769e-05   2.25669e-05  -1.38771e-05   2.25667e-05 
gamma_stat_SR3b3l4l_HT_all_bin_0   -0.00136615 +1.00587 -0.977534  -0.00124662   0.00122099  -0.00123962   0.00125025 
gamma_stat_SR3b3l4l_HT_all_bin_1   -0.000907363 +1.00608 -0.988451  -0.00456167   0.00450818  -0.00450477   0.00456153 
ttt_truthgbb_4b   0.0659924 +1.00076 -0.998803  -0.00307276   0.00307152  -0.0030701   0.0030746 
Other_truthgbb_4b   0.102108 +1.00304 -0.996895  -0.00603586   0.00593006  -0.00601458   0.0059456 
ttZ_truthgbb_4b   0.126383 +1.0025 -0.994921  -0.00473827   0.00468328  -0.00472526   0.00470512 
ttH_truthgbb_4b   0.123703 +1.00163 -0.995647  -0.00394326   0.00389653  -0.00393631   0.00391233 
ttW_truthgbb_4b   0.211779 +1.01104 -0.989091  -0.0158702   0.014939  -0.0156733   0.0150912 
gamma_stat_SR4b_HT_all_bin_0   0.00681972 +1.00595 -0.98669  0.000184003   -0.000216352  0.000183289   -0.000219861 
gamma_stat_SR4b_HT_all_bin_1   0.00050957 +1.0032 -0.996248  -0.00621412   0.00624019  -0.00619452   0.006264 
